|bandpass_frequency|      bandpass_weights|
|            double|                double|
|               GHz|                      |
|              null|                  null|
               10.0 3.2595416037755743e-62 
 10.023360075507314  4.769811341574373e-62 
 10.046720151014629  6.976038824301087e-62 
 10.070080226521945  1.019716836098064e-61 
  10.09344030202926 1.4897496929120932e-61 
 10.116800377536574 2.1752542874280502e-61 
 10.140160453043888  3.174459393683862e-61 
 10.163520528551203  4.630123051418832e-61 
 10.186880604058517  6.749604168170696e-61 
 10.210240679565834  9.833929484666443e-61 
 10.233600755073148 1.4319863879775655e-60 
 10.256960830580462 2.0840767284299753e-60 
 10.280320906087777  3.031457843169036e-60 
 10.303680981595091  4.407094639228539e-60 
 10.327041057102408  6.403482621127728e-60 
 10.350401132609722  9.299146902075815e-60 
 10.373761208117037  1.349686788256643e-59 
 10.397121283624351  1.957879233384623e-59 
 10.420481359131665 2.8385844439054575e-59 
  10.44384143463898  4.113208760085809e-59 
 10.467201510146296  5.956932802967528e-59 
  10.49056158565361  8.622390058812456e-59 
 10.513921661160925 1.2473710073822782e-58 
  10.53728173666824  1.803543581319358e-58 
 10.560641812175554 2.6062774869829173e-58 
  10.58400188768287  3.764243246454797e-58 
 10.607361963190185  5.433725851992044e-58 
 10.630722038697499  7.839363138700602e-58 
 10.654082114204813 1.1303862290226887e-57 
 10.677442189712128  1.629055760589587e-57 
 10.700802265219442  2.346432461586475e-57 
 10.724162340726759 3.3778719576901017e-57 
 10.747522416234073 4.8600565725892273e-57 
 10.770882491741387  6.988797917354771e-57 
 10.794242567248702 1.0044461492967621e-56 
 10.817602642756016 1.4428256367311936e-56 
 10.840962718263333 2.0714004195933925e-56 
 10.864322793770647  2.972194913586352e-56 
 10.887682869277961  4.262393401055419e-56 
 10.911042944785276  6.109318858916247e-56 
  10.93440302029259    8.7517533996982e-56 
 10.957763095799905  1.253026826889033e-55 
 10.981123171307221  1.793034658802125e-55 
 11.004483246814535  2.564366045240057e-55 
  11.02784332232185  3.665509668252217e-55 
 11.051203397829164  5.236628190425319e-55 
 11.074563473336479  7.477081730913659e-55 
 11.097923548843795 1.0670273100389428e-54 
  11.12128362435111  1.521885436770718e-54 
 11.144643699858424 2.1694587969883877e-54 
 11.168003775365738  3.090892285066674e-54 
 11.191363850873053  4.401283605544857e-54 
 11.214723926380369  6.263799634762363e-54 
 11.238084001887684   8.90962406778314e-54 
 11.261444077394998 1.2666129451056507e-53 
 11.284804152902312  1.799664230173802e-53 
 11.308164228409627 2.5556540668119853e-53 
 11.331524303916941 3.6272348071587723e-53 
 11.354884379424256  5.145318862289523e-53 
 11.378244454931572 7.2947756177935605e-53 
 11.401604530438886 1.0336526033716238e-52 
 11.424964605946201 1.4638625109383129e-52 
 11.448324681453515 2.0719963975663292e-52 
  11.47168475696083 2.9311680936103133e-52 
 11.495044832468146 4.1443409286511916e-52 
  11.51840490797546 5.8564339136420565e-52 
 11.541764983482775  8.271305103416962e-52 
  11.56512505899009 1.1675563687672445e-51 
 11.588485134497404 1.6471937881016276e-51 
  11.61184521000472 2.3226007238293887e-51 
 11.635205285512034 3.2731615519754403e-51 
 11.658565361019349  4.610238022596073e-51 
 11.681925436526663  6.489963862543116e-51 
 11.705285512033978  9.131123829182609e-51 
 11.728645587541294 1.2840123765225818e-50 
 11.752005663048608 1.8045844523344457e-50 
 11.775365738555923 2.5348264891553084e-50 
 11.798725814063237  3.558625503249012e-50 
 11.822085889570552  4.993204593963443e-50 
 11.845445965077866  7.002279805444129e-50 
  11.86880604058518  9.814373583535502e-50 
 11.892166116092497 1.3748291609787931e-49 
 11.915526191599811 1.9248545175950564e-49 
 11.938886267107126 2.6934574055832295e-49 
  11.96224634261444  3.766910827113704e-49 
 11.985606418121755  5.265305725559126e-49 
 12.008966493629071  7.355714655115712e-49 
 12.032326569136385 1.0270443102101953e-48 
   12.0556866446437    1.4332320636865e-48 
 12.079046720151014  1.998972766450386e-48 
 12.102406795658329  2.786507826067253e-48 
 12.125766871165645  3.882189090828904e-48 
  12.14912694667296  5.405752164872484e-48 
 12.172487022180274  7.523130676591556e-48 
 12.195847097687588  1.046415367799512e-47 
 12.219207173194903 1.4546973306611412e-47 
 12.242567248702219 2.0211763329919497e-47 
 12.265927324209532  2.806718106564799e-47 
 12.289287399716848  3.895439095631293e-47 
 12.312647475224162  5.403523833864799e-47 
 12.336007550731477  7.491361504212835e-47 
 12.359367626238791 1.0380241786793794e-46 
 12.382727701746106 1.4375309896986352e-46 
 12.406087777253422 1.9897109672448236e-46 
 12.429447852760736  2.752490342727984e-46 
  12.45280792826805 3.8056132152725256e-46 
 12.476168003775365  5.258798398894114e-46 
  12.49952807928268  7.262922847452214e-46 
 12.522888154789996 1.0025346067863226e-45 
  12.54624823029731 1.3830897072674142e-45 
 12.569608305804625 1.9070600130688974e-45 
  12.59296838131194 2.6280970902691485e-45 
 12.616328456819254  3.619774246954912e-45 
  12.63968853232657   4.98292788494981e-45 
 12.663048607833884   6.85568340774346e-45 
 12.686408683341199  9.427139683237805e-45 
 12.709768758848513 1.2956036628273893e-44 
 12.733128834355828 1.7796206206377502e-44 
 12.756488909863144 2.4431252323675687e-44 
 12.779848985370457 3.3521779640807504e-44 
 12.803209060877773  4.596967603373611e-44 
 12.826569136385087  6.300555743223228e-44 
 12.849929211892402  8.630765418651031e-44 
 12.873289287399716 1.1816335330413434e-43 
  12.89664936290703 1.6168857806427388e-43 
 12.920009438414347  2.211255454135754e-43 
 12.943369513921661  3.022466762719005e-43 
 12.966729589428976 4.1290219544870395e-43 
  12.99008966493629 5.6376212129479944e-43 
 13.013449740443605  7.693210858495193e-43 
 13.036809815950921  1.049258321990754e-42 
 13.060169891458235  1.430277322031447e-42 
  13.08352996696555 1.9485929511679512e-42 
 13.106890042472864  2.653291993627358e-42 
 13.130250117980179  3.610871314832475e-42 
 13.153610193487495 4.9113628602425865e-42 
  13.17697026899481  6.676595705695984e-42 
 13.200330344502124  9.071334525428551e-42 
 13.223690420009438 1.2318287455168858e-41 
 13.247050495516753 1.6718316170678252e-41 
 13.270410571024069  2.267763613554848e-41 
 13.293770646531382   3.07444041579823e-41 
 13.317130722038698 4.1657905309878336e-41 
 13.340490797546012  5.641464075279882e-41 
 13.363850873053327   7.63570737644375e-41 
 13.387210948560641 1.0329273527411842e-40 
 13.410571024067956 1.3965398477250922e-40 
 13.433931099575272 1.8871218326460756e-40 
 13.457291175082586  2.548646485475267e-40 
   13.4806512505899 3.4401890998525393e-40 
 13.504011326097215  4.641069649770244e-40 
  13.52737140160453   6.25773131993928e-40 
 13.550731477111846  8.432935827550159e-40 
  13.57409155261916 1.1358048942437005e-39 
 13.597451628126475 1.5289445458733853e-39 
  13.62081170363379 2.0570402569409466e-39 
 13.644171779141104 2.7660301367994094e-39 
  13.66753185464842  3.717355402402745e-39 
 13.690891930155734 4.9931466563390494e-39 
 13.714252005663049  6.703129684727687e-39 
 13.737612081170363  8.993815701776289e-39 
 13.760972156677678 1.2060724844152413e-38 
 13.784332232184994 1.6164634876165598e-38 
 13.807692307692307 2.1653168432890872e-38 
 13.831052383199623  2.898945661244201e-38 
 13.854412458706937  3.879017709482744e-38 
 13.877772534214252  5.187600428386921e-38 
 13.901132609721566  6.933848382575506e-38 
  13.92449268522888  9.262862855057415e-38 
 13.947852760736197 1.2367422490770729e-37 
 13.971212836243511 1.6503506618589044e-37 
 13.994572911750826 2.2010825881507834e-37 
  14.01793298725814 2.9339960037205453e-37 
 14.041293062765455  3.908820899586738e-37 
  14.06465313827277  5.204692794254091e-37 
 14.088013213780085  6.926398991852418e-37 
   14.1113732892874  9.212616376971683e-37 
 14.134733364794714 1.2246769583730037e-36 
 14.158093440302029  1.627133497195641e-36 
 14.181453515809345  2.160667327885574e-36 
 14.204813591316658 2.8675810723023432e-36 
 14.228173666823974 3.8037028998030507e-36 
 14.251533742331288  5.042670062158178e-36 
 14.274893817838603  6.681555865170654e-36 
 14.298253893345919  8.848257236477006e-36 
 14.321613968853232 1.1711188268537776e-35 
 14.344974044360548 1.5491992335365345e-35 
 14.368334119867862 2.0482203337016117e-35 
 14.391694195375177 2.7065070546238424e-35 
 14.415054270882493  3.574413116665006e-35 
 14.438414346389806  4.718059565900249e-35 
 14.461774421897122  6.224223630875243e-35 
 14.485134497404436  8.206728231818497e-35 
  14.50849457291175 1.0814788044477674e-34 
 14.531854648419065 1.4243905068211542e-34 
  14.55521472392638 1.8750084448556205e-34 
 14.578574799433696 2.4668371842556304e-34 
  14.60193487494101 3.2437012359316146e-34 
 14.625294950448325 4.2628918012441955e-34 
  14.64865502595564   5.59926314097389e-34 
 14.672015101462954 7.3505621223176425e-34 
  14.69537517697027  9.644358250736787e-34 
 14.718735252477583 1.2647049709115741e-33 
 14.742095327984899 1.6575560669343423e-33 
 14.765455403492213 2.1712525490784327e-33 
 14.788815478999528 2.8425988040136816e-33 
 14.812175554506844 3.7194944232333135e-33 
 14.835535630014157  4.864244221607012e-33 
 14.858895705521473  6.357845204798629e-33 
 14.882255781028787  8.305535679083157e-33 
 14.905615856536102 1.0843974017359695e-32 
 14.928975932043418 1.4150520402923955e-32 
  14.95233600755073 1.8455230789842282e-32 
 14.975696083058047 2.4056346811695613e-32 
 14.999056158565361 3.1340289256408335e-32 
 15.022416234072676 4.0807449817462394e-32 
  15.04577630957999  5.310544375968955e-32 
 15.069136385087305  6.907195738563155e-32 
  15.09249646059462  8.978992741656268e-32 
 15.115856536101935  1.166585611214962e-31 
  15.13921661160925 1.5148469272196392e-31 
 15.162576687116564 1.9660023241510385e-31 
 15.185936762623879 2.5501307450405606e-31 
 15.209296838131195 3.3060088618484567e-31 
 15.232656913638507  4.283598199128474e-31 
 15.256016989145824  5.547235340560407e-31 
 15.279377064653138  7.179721642198924e-31 
 15.302737140160453  9.287563090367119e-31 
 15.326097215667769 1.2007679933708314e-30 
 15.349457291175082  1.551599346442145e-30 
 15.372817366682398   2.00384088553996e-30 
 15.396177442189712 2.5864854642461387e-30 
 15.419537517697027  3.336721931906954e-30 
 15.442897593204343 4.3022253747413014e-30 
 15.466257668711656  5.544079751472184e-30 
 15.489617744218972  7.140505416511544e-30 
 15.512977819726286  9.191610482747174e-30 
   15.5363378952336  1.182544378625074e-29 
 15.559697970740915 1.5205701616416005e-29 
  15.58305804624823 1.9541534444924813e-29 
 15.606418121755546 2.5100018754914996e-29 
  15.62977819726286  3.222200918622534e-29 
 15.653138272770175 4.1342275675443786e-29 
  15.67649834827749  5.301506925335453e-29 
 15.699858423784804  6.794656143285404e-29 
  15.72321849929212  8.703598168669875e-29 
 15.746578574799432 1.1142775544156035e-28 
 15.769938650306749 1.4257754643625647e-28 
 15.793298725814063 1.8233586366943799e-28 
 15.816658801321378 2.3305384385754894e-28 
 15.840018876828694  2.977170145497043e-28 
 15.863378952336006  3.801143422973384e-28 
 15.886739027843323  4.850517513448275e-28 
 15.910099103350637   6.18621657030447e-28 
 15.933459178857952 7.8854301400140605e-28 
 15.956819254365268  1.004590081449274e-27 
  15.98017932987258 1.2791327414789228e-27 
 16.003539405379897 1.6278170035185696e-27 
  16.02689948088721 2.0704215748771207e-27 
 16.050259556394526 2.6319354326768148e-27 
 16.073619631901842   3.34391263970667e-27 
 16.096979707409155  4.246174758031327e-27 
  16.12033978291647   5.38894881427232e-27 
 16.143699858423787  6.835550708833843e-27 
   16.1670599339311  8.665751291023184e-27 
 16.190420009438412 1.0979996347609905e-26 
  16.21378008494573 1.3904694089145295e-26 
 16.237140160453045 1.7598836365000532e-26 
 16.260500235960357 2.2262285266121542e-26 
 16.283860311467674  2.814613803839688e-26 
  16.30722038697499 3.5565684101765955e-26 
 16.330580462482303 4.4916593107276564e-26 
  16.35394053798962  5.669512811012354e-26 
  16.37730061349693  7.152337017252817e-26 
 16.400660689004248  9.018067876043399e-26 
  16.42402076451156 1.1364290690413733e-25 
 16.447380840018877 1.4313125447351683e-25 
 16.470740915526193  1.801730933279348e-25 
 16.494100991033505 2.2667765451669055e-25 
  16.51746106654082 2.8503015466394317e-25 
 16.540821142048138 3.5820878628977207e-25 
  16.56418121755545  4.499300420419498e-25 
 16.587541293062763  5.648291309325356e-25 
  16.61090136857008  7.086838311809378e-25 
 16.634261444077396  8.886920771049088e-25 
  16.65762151958471 1.1138159798113766e-24 
 16.680981595092025 1.3952079348918861e-24 
  16.70434167059934 1.7467380991738445e-24 
 16.727701746106654  2.185646974580887e-24 
  16.75106182161397 2.7333523055463392e-24 
 16.774421897121282  3.416446203159765e-24 
   16.7977819726286 4.2679266297729456e-24 
  16.82114204813591  5.328717447726446e-24 
 16.844502123643228  6.649543563798669e-24 
 16.867862199150544  8.293242784075413e-24 
 16.891222274657856 1.0337614436786187e-23 
 16.914582350165173 1.2878927357928973e-23 
  16.93794242567249  1.603623735851341e-23 
   16.9613025011798 1.9956697885977025e-23 
 16.984662576687118 2.4822088569369563e-23 
  17.00802265219443 3.0856836290597464e-23 
 17.031382727701747  3.833786428144732e-23 
  17.05474280320906  4.760667884347257e-23 
 17.078102878716376   5.90841934509161e-23 
 17.101462954223692   7.32888996417927e-23 
 17.124823029731004   9.08591273576127e-23 
  17.14818310523832 1.1258029924312951e-22 
 17.171543180745637 1.3941827988018435e-22 
  17.19490325625295 1.7256015926065291e-22 
 17.218263331760262  2.134640987477571e-22 
  17.24162340726758 2.6392021786746653e-22 
 17.264983482774895 3.2612492419274627e-22 
 17.288343558282207  4.027716015880288e-22 
 17.311703633789524 4.9716119250861365e-22 
  17.33506370929684  6.133369599339922e-22 
 17.358423784804152  7.562486203108533e-22 
  17.38178386031147  9.319521323348695e-22 
  17.40514393581878 1.1478527455757458e-21 
 17.428504011326098 1.4130005034652923e-21 
  17.45186408683341 1.7384493116510742e-21 
 17.475224162340727 2.1376929905553252e-21 
 17.498584237848043 2.6271945083658886e-21 
 17.521944313355355 3.2270279311006774e-21 
  17.54530438886267  3.961656641480297e-21 
 17.568664464369988  4.860876201393634e-21 
   17.5920245398773  5.960956022766828e-21 
 17.615384615384613  7.306020958184616e-21 
  17.63874469089193  8.949722251531357e-21 
 17.662104766399246 1.0957257269101005e-20 
  17.68546484190656 1.3407809383033387e-20 
 17.708824917413875 1.6397493682016087e-20 
  17.73218499292119 2.0042911291024054e-20 
 17.755545068428503 2.4485435529379356e-20 
  17.77890514393582 2.9896377561671577e-20 
 17.802265219443132  3.648320835476423e-20 
  17.82562529495045  4.449704854182602e-20 
  17.84898537045776  5.424167927169778e-20 
 17.872345445965077   6.60843765446448e-20 
 17.895705521472394  8.046893038857175e-20 
 17.919065596979706   9.79312802687978e-20 
 17.942425672487023 1.1911828142322222e-19 
  17.96578574799434 1.4481021582125125e-19 
  17.98914582350165 1.7594777904761975e-19 
 18.012505899008964 2.1366441401595475e-19 
  18.03586597451628 2.5932502803343935e-19 
 18.059226050023597  3.145723260904675e-19 
  18.08258612553091 3.8138222589539525e-19 
 18.105946201038225  4.621300956480645e-19 
  18.12930627654554  5.596698815259246e-19 
 18.152666352052854  6.774285773582543e-19 
  18.17602642756017  8.195189445677642e-19 
 18.199386503067487  9.908739285699915e-19 
   18.2227465785748 1.1974068529796483e-18 
 18.246106654082112 1.4462022222043238e-18 
  18.26946672958943 1.7457428462344016e-18 
 18.292826805096745 2.1061800419680463e-18 
 18.316186880604057 2.5396548904740844e-18 
 18.339546956111374 3.0606799709991712e-18 
  18.36290703161869  3.686592687391067e-18 
 18.386267107126002 4.4380932942356535e-18 
 18.409627182633315  5.339883068846501e-18 
 18.432987258140635  6.421420820082137e-18 
 18.456347333647948  7.717819144203702e-18 
  18.47970740915526  9.270905611196399e-18 
 18.503067484662576 1.1130478484627108e-17 
 18.526427560169893 1.3355791751649214e-17 
 18.549787635677205  1.601731029184693e-17 
  18.57314771118452  1.919878308888402e-17 
 18.596507786691838 2.2999690654989223e-17 
  18.61986786219915 2.7538132489393417e-17 
 18.643227937706463 3.2954231652627334e-17 
  18.66658801321378  3.941414666907857e-17 
 18.689948088721096 4.7114796270921924e-17 
  18.71330816422841  5.628942031448138e-17 
 18.736668239735724  6.721412093595313e-17 
  18.76002831524304  8.021555212921542e-17 
 18.783388390750353   9.56799539569279e-17 
 18.806748466257666 1.1406376016056202e-16 
 18.830108541764986 1.3590604572162572e-16 
   18.8534686172723 1.6184312475722277e-16 
  18.87682869277961  1.926256599417175e-16 
 18.900188768286927  2.291387035043299e-16 
 18.923548843794244  2.724251579909548e-16 
 18.946908919301556  3.237132238078335e-16 
 18.970268994808873 3.8444849170249623e-16 
  18.99362907031619  4.563314436350839e-16 
   19.0169891458235  5.413612470711843e-16 
 19.040349221330814  6.418868680076855e-16 
  19.06370929683813  7.606666897968631e-16 
 19.087069372345447  9.009380112224585e-16 
  19.11042944785276 1.0664980119139732e-15 
 19.133789523360075 1.2617980201750858e-15 
  19.15714959886739 1.4920532023379114e-15 
 19.180509674374704 1.7633701191735882e-15 
  19.20386974988202 2.0828949697615874e-15 
 19.227229825389337  2.458985773449676e-15 
  19.25058990089665 2.9014122339640836e-15 
 19.273949976403962 3.4215875952535944e-15 
  19.29731005191128  4.032837446369837e-15 
 19.320670127418595  4.750711174039161e-15 
 19.344030202925907  5.593342609529457e-15 
 19.367390278433223  6.581867385619642e-15 
  19.39075035394054   7.74090562652417e-15 
 19.414110429447852  9.099119857256098e-15 
 19.437470504955165 1.0689859460266641e-14 
 19.460830580462485 1.2551904650168764e-14 
 19.484190655969797 1.4730324808821597e-14 
  19.50755073147711 1.7277468153363974e-14 
 19.530910806984426 2.0254102132992207e-14 
 19.554270882491743 2.3730726704836287e-14 
 19.577630957999055 2.7789085768232705e-14 
  19.60099103350637  3.252390558848725e-14 
 19.624351109013688 3.8044893070165874e-14 
    19.647711184521  4.447903130698014e-14 
 19.671071260028313  5.197321500860279e-14 
  19.69443133553563  6.069727426068556e-14 
 19.717791411042946  7.084744169829935e-14 
 19.741151486550258  8.265032566044729e-14 
 19.764511562057574  9.636746035070383e-14 
  19.78787163756489 1.1230051357529652e-13 
 19.811231713072203 1.3079724339766138e-13 
 19.834591788579516 1.5225830718501543e-13 
 19.857951864086836 1.7714504019224433e-13 
  19.88131193959415 2.0598833621385096e-13 
  19.90467201510146 2.3939878013888467e-13 
 19.928032090608777 2.7807820169128823e-13 
 19.951392166116094   3.22832841479532e-13 
 19.974752241623406  3.745883449906385e-13 
 19.998112317130722  4.344068276513638e-13 
  20.02147239263804  5.035062848821853e-13 
  20.04483246814535   5.83282655562407e-13 
 20.068192543652664  6.753348859202859e-13 
  20.09155261915998  7.814933840166042e-13 
 20.114912694667296   9.03852303206866e-13 
  20.13827277017461  1.044806146798942e-12 
 20.161632845681925 1.2070912461790292e-12 
  20.18499292118924 1.3938327316276147e-12 
 20.208352996696554 1.6085976896257317e-12 
  20.23171307220387  1.855455283463253e-12 
 20.255073147711187  2.139044706290964e-12 
   20.2784332232185  2.464651938375037e-12 
 20.301793298725812 2.8382963942711527e-12 
  20.32515337423313 3.2668286720958135e-12 
 20.348513449740445  3.758040757294115e-12 
 20.371873525247757  4.320790188667929e-12 
 20.395233600755073  4.965139866427402e-12 
  20.41859367626239  5.702515372304255e-12 
 20.441953751769702  6.545881882088958e-12 
 20.465313827277015  7.509942983248495e-12 
 20.488673902784335  8.611363966648112e-12 
 20.512033978291647  9.869022444094258e-12 
  20.53539405379896  1.130428945491428e-11 
 20.558754129306276 1.2941344567697427e-11 
 20.582114204813593  1.480752886057673e-11 
 20.605474280320905 1.6933740078056815e-11 
  20.62883435582822 1.9354874717769797e-11 
 20.652194431335538  2.211032230022359e-11 
  20.67555450684285 2.5244517622487782e-11 
 20.698914582350163  2.880755739694044e-11 
  20.72227465785748  3.285588833314588e-11 
 20.745634733364795  3.745307443939556e-11 
 20.768994808872108 4.2670652105517306e-11 
 20.792354884379424  4.858908238565057e-11 
  20.81571495988674 5.5298810834622114e-11 
 20.839075035394053  6.290144627052901e-11 
 20.862435110901366  7.151107094565474e-11 
 20.885795186408686  8.125569581493334e-11 
    20.909155261916  9.227887590325248e-11 
  20.93251533742331 1.0474150219777632e-10 
 20.955875412930627 1.1882378803735206e-10 
 20.979235488437944 1.3472746964694374e-10 
 21.002595563945256 1.5267824227984925e-10 
 21.025955639452572 1.7292845539411306e-10 
  21.04931571495989  1.957600924120313e-10 
   21.0726757904672 2.2148806290394882e-10 
 21.096035865974514 2.5046383751041975e-10 
  21.11939594148183  2.830794585822161e-10 
 21.142756016989146  3.197719623876402e-10 
  21.16611609249646 3.6102825182388435e-10 
 21.189476168003775 4.0739046188646124e-10 
  21.21283624351109 4.5946186371199486e-10 
 21.236196319018404  5.179133568289159e-10 
  21.25955639452572  5.834906033414452e-10 
 21.282916470033037  6.570218621503504e-10 
  21.30627654554035  7.394265859940246e-10 
 21.329636621047662  8.317248490903284e-10 
  21.35299669655498  9.350476784895957e-10 
 21.376356772062294 1.0506483679278355e-09 
 21.399716847569607 1.1799148590120954e-09 
 21.423076923076923   1.32438328099269e-09 
  21.44643699858424 1.4857527471963152e-09 
 21.469797074091552  1.665901513425345e-09 
 21.493157149598865 1.8669046112855614e-09 
 21.516517225106185 2.0910530775052198e-09 
 21.539877300613497  2.340874908863777e-09 
  21.56323737612081 2.6191578813767006e-09 
 21.586597451628126  2.928974381890591e-09 
 21.609957527135442 3.2737084102490997e-09 
 21.633317602642755  3.657084920701185e-09 
  21.65667767815007  4.083201682250211e-09 
 21.680037753657388  4.556563849190339e-09 
   21.7033978291647  5.082121445160776e-09 
 21.726757904672013 5.6653099766571825e-09 
  21.75011798017933  6.312094405093553e-09 
 21.773478055686645 7.0290167201874206e-09 
 21.796838131193958  7.823247371663478e-09 
 21.820198206701274  8.702640831006663e-09 
  21.84355828220859  9.675795570254035e-09 
 21.866918357715903 1.0752118760577764e-08 
 21.890278433223216  1.194189600964829e-08 
 21.913638508730536  1.325636647347845e-08 
  21.93699858423785 1.4707803695584987e-08 
  21.96035865974516  1.630960254386636e-08 
 21.983718735252477 1.8076372633487033e-08 
 22.007078810759793 2.0024038642323788e-08 
 22.030438886267106 2.2169947944036026e-08 
 22.053798961774422 2.4532986002570696e-08 
  22.07715903728174 2.7133699990800908e-08 
  22.10051911278905  2.999443111502372e-08 
 22.123879188296364  3.313945614602329e-08 
  22.14723926380368  3.659513867637433e-08 
 22.170599339310996 4.0390090642442543e-08 
  22.19395941481831 4.4555344668074005e-08 
 22.217319490325625   4.91245378051402e-08 
  22.24067956583294  5.413410726375906e-08 
 22.264039641340254  5.962349874213245e-08 
  22.28739971684757  6.563538798225909e-08 
 22.310759792354887   7.22159161931881e-08 
   22.3341198678622  7.941493999795336e-08 
 22.357479943369512  8.728629657348931e-08 
 22.380840018876828  9.588808466465113e-08 
 22.404200094384144 1.0528296216375336e-07 
 22.427560169891457 1.1553846095557688e-07 
 22.450920245398773 1.2672731973434608e-07 
  22.47428032090609  1.389278355036125e-07 
 22.497640396413402 1.5222423447206443e-07 
 22.521000471920715  1.667070630577589e-07 
 22.544360547428035  1.824735997098424e-07 
 22.567720622935347   1.99628288250524e-07 
  22.59108069844266  2.182831934303281e-07 
 22.614440773949976  2.385584793763219e-07 
 22.637800849457292 2.6058291159603596e-07 
 22.661160924964605 2.8449438317870097e-07 
  22.68452100047192  3.104404658099604e-07 
 22.707881075979238 3.3857898618618857e-07 
  22.73124115148655  3.690786283799184e-07 
 22.754601226993863  4.021195626678127e-07 
  22.77796130250118 4.3789410128749596e-07 
 22.801321378008495  4.766073815388489e-07 
 22.824681453515808  5.184780765887155e-07 
 22.848041529023124  5.637391342754676e-07 
  22.87140160453044  6.126385441408238e-07 
 22.894761680037753  6.654401328414952e-07 
 22.918121755545066  7.224243880106891e-07 
 22.941481831052386  7.838893105514319e-07 
   22.9648419065597  8.501512952473891e-07 
  22.98820198206701  9.215460394749394e-07 
 23.011562057574327  9.984294796894244e-07 
 23.034922133081643  1.081178755242152e-06 
 23.058282208588956 1.1701931989600677e-06 
 23.081642284096272  1.265895353788291e-06 
  23.10500235960359 1.3687320146566557e-06 
   23.1283624351109 1.4791752945858005e-06 
 23.151722510618214 1.5977237138946414e-06 
  23.17508258612553  1.724903311211066e-06 
 23.198442661632846 1.8612687748211558e-06 
  23.22180273714016  2.007404592718734e-06 
 23.245162812647475  2.163926219537316e-06 
  23.26852288815479  2.331481258361819e-06 
 23.291882963662104   2.51075065522584e-06 
  23.31524303916942 2.7024499039057717e-06 
 23.338603114676737  2.907330258421066e-06 
  23.36196319018405  3.126179950448352e-06 
 23.385323265691362 3.3598254086471804e-06 
 23.408683341198678 3.6091324766876797e-06 
 23.432043416705994  3.875007626557008e-06 
 23.455403492213307  4.158399163510461e-06 
 23.478763567720623  4.460298418819322e-06 
  23.50212364322794  4.781740926255928e-06 
 23.525483718735252  5.123807578047334e-06 
 23.548843794242565   5.48762575582113e-06 
 23.572203869749885 5.8743704318641956e-06 
 23.595563945257197 6.2852652358170505e-06 
  23.61892402076451 6.7215834817372505e-06 
 23.642284096271826  7.184649150277838e-06 
 23.665644171779142  7.675837820555712e-06 
 23.689004247286455  8.196577546119091e-06 
  23.71236432279377  8.748349669270631e-06 
 23.735724398301087  9.332689567863596e-06 
   23.7590844738084  9.951187328563626e-06 
 23.782444549315713 1.0605488340461443e-05 
  23.80580462482303 1.1297293802827133e-05 
 23.829164700330345 1.2028361140728361e-05 
 23.852524775837658 1.2800504322181809e-05 
 23.875884851344974 1.3615594070476523e-05 
  23.89924492685229  1.447555796530211e-05 
 23.922605002359603 1.5382380426333755e-05 
 23.945965077866916 1.6338102572971833e-05 
 23.969325153374236 1.7344821954000338e-05 
 23.992685228881548  1.840469214103667e-05 
  24.01604530438886 1.9519922179773103e-05 
 24.039405379896177 2.0692775893168336e-05 
 24.062765455403493 2.1925571030945857e-05 
 24.086125530910806 2.3220678259984562e-05 
 24.109485606418122 2.4580519990440387e-05 
  24.13284568192544 2.6007569032739345e-05 
  24.15620575743275  2.750434708090813e-05 
 24.179565832940064 2.9073423018084267e-05 
  24.20292590844738  3.071741104042919e-05 
 24.226285983954696 3.2438968596126316e-05 
  24.24964605946201  3.424079413660799e-05 
 24.273006134969325  3.612562467766614e-05 
  24.29636621047664  3.809623316864319e-05 
 24.319726285983954  4.015542566848331e-05 
  24.34308636149127 4.2306038328033426e-05 
 24.366446436998586  4.455093417862028e-05 
   24.3898065125059 4.6892999727625795e-05 
 24.413166588013212 4.9335141362464955e-05 
 24.436526663520528  5.188028156512275e-05 
 24.459886739027844  5.453135494015666e-05 
 24.483246814535157  5.729130405986425e-05 
 24.506606890042473  6.016307513111699e-05 
  24.52996696554979  6.314961348918482e-05 
 24.553327041057102  6.625385892472767e-05 
 24.576687116564415  6.947874085098065e-05 
 24.600047192071735  7.282717331902784e-05 
 24.623407267579047   7.63020498899216e-05 
  24.64676734308636  7.990623837331785e-05 
 24.670127418593676  8.364257544312477e-05 
 24.693487494100992   8.75138611415705e-05 
 24.716847569608305   9.15228532839493e-05 
  24.74020764511562  9.567226177717599e-05 
 24.763567720622937  9.996474286604931e-05 
  24.78692779613025 0.00010440289332204685 
 24.810287871637563 0.00010898924459014913 
  24.83364794714488 0.00011372625691006787 
 24.857008022652195 0.00011861631342882337 
 24.880368098159508 0.00012366171432248369 
 24.903728173666824 0.00012886467094538014 
  24.92708824917414 0.00013422730002574557 
 24.950448324681453  0.0001397516179273217 
 24.973808400188766 0.00014543953499685194 
 24.997168475696085 0.00015129285001793159 
 25.020528551203398 0.00015731324479191503 
  25.04388862671071  0.0001635022788669912 
 25.067248702218027  0.0001698613844366474 
 25.090608777725343 0.00017639186142895987 
 25.113968853232656 0.00018309487280818013 
 25.137328928739972  0.0001899714401100687 
  25.16068900424729 0.00019702243923230513 
   25.1840490797546 0.00020424859650120095 
 25.207409155261914 0.00021165048503549841 
  25.23076923076923  0.0002192285214278764 
 25.254129306276546  0.0002269829627641519 
  25.27748938178386 0.00023491390399973868 
 25.300849457291175 0.00024302127571222692 
  25.32420953279849  0.0002513048422482339 
 25.347569608305804  0.0002597642002819097 
  25.37092968381312  0.0002683987778014978 
 25.394289759320436  0.0002772078335394459 
  25.41764983482775  0.0002861904568604705 
  25.44100991033506 0.00029534556812083713 
 25.464369985842378 0.00030467191951088135 
 25.487730061349694  0.0003141680963915913 
 25.511090136857007  0.0003238325191346018 
 25.534450212364323  0.0003336634454736915 
  25.55781028787164  0.0003436589733742652 
 25.581170363378952  0.0003538170444259477 
 25.604530438886265  0.0003641354477617623 
 25.627890514393584  0.0003746118245058411 
 25.651250589900897 0.00038524367275003104 
  25.67461066540821  0.0003960283530581536 
 25.697970740915526 0.00040696309449496436 
 25.721330816422842 0.00041804500117552336 
 25.744690891930155  0.0004292710593285942 
  25.76805096743747  0.0004406381448667948 
 25.791411042944787  0.0004521430314539082 
   25.8147711184521  0.0004637823990590586 
 25.838131193959413  0.0004755528429852629 
  25.86149126946673   0.000487450883359138 
 25.884851344974045  0.0004994729750666134 
 25.908211420481358  0.0005116155181188782 
 25.931571495988674  0.0005238748684311634 
  25.95493157149599  0.0005362473489961475 
 25.978291647003303  0.0005487292614327999 
  26.00165172251062  0.0005613168978907038 
 26.025011798017932  0.0005740065532890408 
 26.048371873525248  0.0005867945378691052 
  26.07173194903256  0.0005996771900385454 
 26.095092024539877   0.000612650889485492 
 26.118452100047193  0.0006257120705402354 
 26.141812175554506  0.0006388572357627905 
 26.165172251061822  0.0006520829697338913 
 26.188532326569135  0.0006653859530283249 
  26.21189240207645  0.0006787629763492078 
 26.235252477583767  0.0006922109548029339 
  26.25861255309108  0.0007057269422950808 
 26.281972628598396  0.0007193081460286102 
  26.30533270410571  0.0007329519410869036 
 26.328692779613025  0.0007466558850851165 
  26.35205285512034  0.0007604177328751983 
 26.375412930627654  0.0007742354512910183 
  26.39877300613497  0.0007881072339220093 
 26.422133081642283  0.0008020315159052948 
   26.4454931571496   0.000816006988728279 
 26.468853232656915  0.0008300326150355881 
 26.492213308164228  0.0008441076434362678 
 26.515573383671544  0.0008582316233093924 
 26.538933459178857  0.0008724044196080438 
 26.562293534686173  0.0008866262276644007 
 26.585653610193486  0.0009008975880001297 
 26.609013685700802  0.0009152194011491949 
 26.632373761208118  0.0009295929425017136 
  26.65573383671543  0.0009440198771802831 
 26.679093912222747  0.0009585022749615223 
  26.70245398773006   0.000973042625258238 
 26.725814063237376   0.000987643852178995 
 26.749174138744692    0.00100230932968394 
 26.772534214252005  0.0010170428968570796 
  26.79589428975932  0.0010318488733167797 
 26.819254365266634  0.0010467320747874788 
  26.84261444077395  0.0010616978288565631 
 26.865974516281266   0.001076751990941078 
  26.88933459178858  0.0010919009604899203 
 26.912694667295895  0.0011071516974465753 
 26.936054742803208   0.001122511738998387 
 26.959414818310524  0.0011379892166374524 
  26.98277489381784  0.0011535928735576845 
 27.006134969325153  0.0011693320824117716 
  27.02949504483247  0.0011852168634503466 
 27.052855120339782    0.00120125790306399 
 27.076215195847098  0.0012174665727467623 
  27.09957527135441   0.001233854948497496 
 27.122935346861727  0.0012504358306723788 
 27.146295422369043  0.0012672227642991838 
 27.169655497876356  0.0012842300598600036 
 27.193015573383672  0.0013014728145456069 
 27.216375648890985    0.00131896693398004 
   27.2397357243983   0.001336729154409794 
 27.263095799905617  0.0013547770653468817 
  27.28645587541293  0.0013731291326496593 
 27.309815950920246   0.001391804722019993 
  27.33317602642756  0.0014108241228896323 
 27.356536101934875   0.001430208572661528 
  27.37989617744219  0.0014499802812672148 
 27.403256252949504   0.001470162455992888 
  27.42661632845682  0.0014907793265216674 
 27.449976403964133  0.0015118561701309085 
  27.47333647947145   0.001533419336978122 
 27.496696554978765  0.0015554962754006504 
 27.520056630486078  0.0015781155571470903 
 27.543416705993394  0.0016013069024521254 
 27.566776781500707  0.0016251012048578155 
 27.590136857008023  0.0016495305556789045 
 27.613496932515336  0.0016746282680007833 
 27.636857008022652  0.0017004289000935803 
 27.660217083529968   0.001726968278118084 
  27.68357715903728  0.0017542835179929998 
 27.706937234544597  0.0017824130462871675 
  27.73029731005191  0.0018113966199941552 
 27.753657385559226  0.0018412753450418675 
 27.777017461066542   0.001872091693383381 
 27.800377536573855  0.0019038895185128353 
  27.82373761208117  0.0019367140692441282 
 27.847097687588484   0.001970612001587953 
   27.8704577630958   0.002005631388559432 
 27.893817838603116   0.002041821727746798 
  27.91717791411043   0.002079233946468693 
 27.940537989617745   0.002117920404349199 
 27.963898065125058  0.0021579348931372276 
 27.987258140632374   0.002199332633598892 
  28.01061821613969   0.002242170269312874 
 28.033978291647003   0.002286505857200561 
  28.05733836715432  0.0023323988546265755 
  28.08069844266163  0.0023799101029083427 
 28.104058518168948   0.002429101807079416 
  28.12741859367626  0.0024800375117558144 
 28.150778669183577  0.0025327820729620534 
 28.174138744690893  0.0025874016257804162 
 28.197498820198206  0.0026439635476961576 
 28.220858895705522   0.002702536417519289 
 28.244218971212835   0.002763189969774837 
  28.26757904672015   0.002825995044463633 
 28.290939122227467  0.0028910235321079935 
  28.31429919773478  0.0029583483140075543 
 28.337659273242096  0.0030280431976463604 
  28.36101934874941   0.003100182847203207 
 28.384379424256725  0.0031748427091346024 
  28.40773949976404  0.0032520989328122074 
 28.431099575271354  0.0033320282862150013 
  28.45445965077867   0.003414708066691002 
 28.477819726285983  0.0035002160068202974 
   28.5011798017933   0.003588630175429441 
 28.524539877300615   0.003680028873823614 
 28.547899952807928  0.0037744905273213295 
 28.571260028315244   0.003872093572195018 
 28.594620103822557   0.003972916338137672 
 28.617980179329873  0.0040770369263960285 
 28.641340254837186   0.004184533083727298 
 28.664700330344502   0.004295482072356024 
 28.688060405851818   0.004409960536125252 
  28.71142048135913    0.00452804436305397 
 28.734780556866447  0.0046498085445319465 
  28.75814063237376   0.004775327031397653 
 28.781500707881076   0.004904672587165517 
 28.804860783388392    0.00503791663868201 
 28.828220858895705   0.005175129124507445 
  28.85158093440302   0.005316378341336778 
 28.874941009910334  0.0054617307887842165 
  28.89830108541765   0.005611251012873067 
 28.921661160924966   0.005765001448584149 
  28.94502123643228   0.005923042261828064 
 28.968381311939595  0.0060854311912178286 
 28.991741387446908   0.006252223390028516 
 29.015101462954224   0.006423471268739958 
  29.03846153846154   0.006599224338566137 
 29.061821613968853   0.006779529056381124 
  29.08518168947617    0.00696442867145909 
  29.10854176498348   0.007153963074447159 
 29.131901840490798   0.007348168648996398 
  29.15526191599811   0.007547078126474501 
 29.178621991505427   0.007750720444188627 
 29.201982067012743   0.007959120607540577 
 29.225342142520056   0.008172299556539852 
 29.248702218027372   0.008390274037092783 
 29.272062293534685   0.008613056477482213 
    29.295422369042   0.008840654870446678 
 29.318782444549317   0.009073072661260255 
  29.34214252005663   0.009310308642202569 
 29.365502595563946   0.009552356853804426 
  29.38886267107126   0.009799206493235142 
 29.412222746578575   0.010050841830191956 
  29.43558282208589   0.010307242130631467 
 29.458942897593204    0.01056838158867418 
  29.48230297310052   0.010834229266990441 
 29.505663048607833   0.011104749045961319 
  29.52902312411515   0.011379899581892994 
 29.552383199622465   0.011659634274531951 
 29.575743275129778   0.011943901244124075 
 29.599103350637094   0.012232643318219829 
 29.622463426144407    0.01252579802842283 
 29.645823501651723   0.012823297617242692 
 29.669183577159036   0.013125069055195006 
  29.69254365266635   0.013431034068264087 
 29.715903728173668   0.013741109175818986 
  29.73926380368098   0.014055205739045736 
 29.762623879188297   0.014373230019935396 
  29.78598395469561    0.01469508325083445 
 29.809344030202926   0.015020661714541908 
 29.832704105710242   0.015349856834905912 
 29.856064181217555    0.01568255527784837 
  29.87942425672487   0.016018639062711202 
 29.902784332232184    0.01635798568379704 
   29.9261444077395   0.016700468241947014 
 29.949504483246816    0.01704595558595864 
  29.97286455875413   0.017394312463646058 
 29.996224634261445   0.017745399682282132 
 30.019584709768758   0.018099074278163544 
 30.042944785276074   0.018455189694999142 
  30.06630486078339   0.018813595970795943 
 30.089664936290703   0.019174139932895903 
  30.11302501179802   0.019536665400790538 
  30.13638508730533   0.019901013396309834 
 30.159745162812648   0.020267022360771273 
  30.18310523831996   0.020634528378636326 
 30.206465313827277    0.02100336540721587 
 30.229825389334593   0.021373365511931867 
 30.253185464841906    0.02174435910663415 
 30.276545540349222    0.02211617519844799 
 30.299905615856535   0.022488641636609744 
  30.32326569136385   0.022861585364737053 
 30.346625766871167   0.023234832675964368 
  30.36998584237848     0.0236082094703571 
 30.393345917885796   0.023981541514022004 
  30.41670599339311    0.02435465469929615 
 30.440066068900425    0.02472737530542064 
  30.46342614440774   0.025099530259072123 
 30.486786219915054   0.025470947394134736 
  30.51014629542237   0.025841455710100172 
 30.533506370929683   0.026210885628452123 
    30.556866446437    0.02657906924643815 
 30.580226521944315   0.026945840587593705 
 30.603586597451628   0.027311035848413462 
 30.626946672958944   0.027674493640559943 
 30.650306748466257    0.02803605522801827 
 30.673666823973573    0.02839556475860434 
 30.697026899480885   0.028752869489259578 
   30.7203869749882   0.029107820004569795 
 30.743747050495518   0.029460270427968078 
  30.76710712600283    0.02981007862509806 
 30.790467201510147   0.030157106398836356 
  30.81382727701746    0.03050121967548914 
 30.837187352524776   0.030842288681711506 
 30.860547428032092   0.031180188111712116 
 30.883907503539405    0.03151479728434132 
  30.90726757904672   0.031846000289686684 
 30.930627654554034   0.032173686124829105 
  30.95398773006135    0.03249774881844464 
 30.977347805568666   0.032818087543966624 
  31.00070788107598    0.03313460672106871 
 31.024067956583295       0.03344721610524 
 31.047428032090608    0.03375583086529166 
 31.070788107597924    0.03406037164863295 
  31.09414818310524     0.0343607646342356 
 31.117508258612553   0.034656941573196424 
  31.14086833411987   0.034948839816883445 
  31.16422840962718   0.035236402332674374 
 31.187588485134498    0.03551957770732818 
  31.21094856064181    0.03579832013807675 
 31.234308636149127    0.03607258941157267 
 31.257668711656443    0.03634235087083985 
 31.281028787163756   0.036607575370434076 
 31.304388862671072    0.03686823922005379 
 31.327748938178384    0.03712432411685998 
   31.3511090136857    0.03737581706683034 
 31.374469089193017    0.03762271029547295 
  31.39782916470033    0.03786500114827954 
 31.421189240207646   0.038102691981328166 
  31.44454931571496     0.0383357900424548 
 31.467909391222275   0.038564307343476795 
  31.49126946672959    0.03878826052393483 
 31.514629542236904    0.03900767070688698 
  31.53798961774422    0.03922256334727435 
 31.561349693251532    0.03943296807342097 
  31.58470976875885   0.039638918522245194 
 31.608069844266165     0.0398404521687582 
 31.631429919773478    0.04003761015047167 
 31.654789995280794   0.040230437087311714 
 31.678150070788107    0.04041898089766773 
 31.701510146295423   0.040603292611206404 
 31.724870221802735    0.04078342617908054 
  31.74823029731005      0.040959438282163 
 31.771590372817368   0.041131388137939984 
  31.79495044832468    0.04129933730669456 
 31.818310523831997    0.04146334949758713 
  31.84167059933931   0.041623490375264034 
 31.865030674846626   0.041779827367577196 
 31.888390750353942    0.04193242947500885 
 31.911750825861255    0.04208136708237798 
  31.93511090136857    0.04222671177336204 
 31.958470976875883    0.04236853614838848 
   31.9818310523832    0.04250691364639033 
  32.00519112789051    0.04264191837091418 
 32.028551203397825    0.04277362492104913 
 32.051911278905145   0.042902108227595034 
  32.07527135441246     0.0430274433948863 
  32.09863142991978    0.04314970554864177 
  32.12199150542709    0.04326896969017064 
   32.1453515809344   0.043385310557268054 
 32.168711656441715   0.043498802492053956 
  32.19207173194903   0.043609519316015345 
  32.21543180745635   0.043717534212445314 
  32.23879188296366   0.043822919616474935 
  32.26215195847098   0.043925747112811005 
  32.28551203397829    0.04402608734130886 
 32.308872109485606    0.04412400991043341 
  32.33223218499292    0.04421958331866626 
  32.35559226050023   0.044312874883827846 
  32.37895233600755   0.044403950680322476 
  32.40231241151487     0.0444928754842209 
  32.42567248702218   0.044579712726099556 
 32.449032562529496    0.04466452445149784 
  32.47239263803681    0.04474737128886868 
  32.49575271354412   0.044828312424809495 
  32.51911278905144      0.044907405586406 
  32.54247286455875    0.04498470703042547 
  32.56583294006607    0.04506027153913206 
 32.589193015573386    0.04513415242244028 
   32.6125530910807   0.045206401526114784 
  32.63591316658801   0.045277069245714174 
 32.659273242095324    0.04534620454594505 
 32.682633317602644    0.04541385498509751 
  32.70599339310996   0.045480066744203504 
 32.729353468617276    0.04554488466056454 
  32.75271354412459    0.04560835226528454 
   32.7760736196319    0.04567051182442569 
 32.799433695139214    0.04573140438341895 
  32.82279377064653    0.04579106981435537 
  32.84615384615385    0.04584954686576183 
  32.86951392166116     0.0459068732145105 
  32.89287399716848   0.045963085519472126 
  32.91623407267579   0.046018219476545136 
 32.939594148183104     0.0460723098747101 
  32.96295422369042    0.04612539065275735 
  32.98631429919773   0.046177494956329224 
  33.00967437470505    0.04622865519496547 
  33.03303445021237    0.04627890309882635 
  33.05639452571968    0.04632826977477752 
 33.079754601226995   0.046376785761562275 
  33.10311467673431    0.04642448108377014 
  33.12647475224162    0.04647138530436205 
  33.14983482774894    0.04651752757547947 
  33.17319490325625     0.0465629366873482 
  33.19655497876357    0.04660764111503049 
 33.219915054270885   0.046651669062879916 
   33.2432751297782    0.04669504850648512 
  33.26663520528551    0.04673780723197989 
  33.28999528079282   0.046779972872573426 
  33.31335535630014    0.04682157294219456 
 33.336715431807455    0.04686263486613377 
 33.360075507314775    0.04690318600863341 
  33.38343558282209    0.04694325369734642 
   33.4067956583294    0.04698286524461521 
  33.43015573383671    0.04702204796556716 
 33.453515809344026    0.04706082919299316 
 33.476875884851346   0.047099236289038164 
  33.50023596035866    0.04713729665369318 
  33.52359603586598    0.04717503773016483 
  33.54695611137329    0.04721248700713972 
   33.5703161868806   0.047249672018009774 
 33.593676262387916    0.04728662033716009 
  33.61703633789523    0.04732335957335943 
  33.64039641340255     0.0473599173603893 
  33.66375648890987    0.04739632134500046 
  33.68711656441718   0.047432599172302414 
 33.710476639924494    0.04746877846872951 
 33.733836715431806   0.047504886822682967 
  33.75719679093912   0.047540951763011714 
  33.78055686644643    0.04757700073545855 
  33.80391694195375   0.047613061077209154 
  33.82727701746107    0.04764915998970573 
 33.850637092968384     0.0476853245098622 
   33.8739971684757   0.047721581479847244 
  33.89735724398301     0.0477579575155778 
  33.92071731949032    0.04779447897408275 
  33.94407739499764    0.04783117191987643 
 33.967437470504954    0.04786806209053897 
 33.990797546012274   0.047905174861594235 
  34.01415762151959    0.04794253521088086 
   34.0375176970269   0.047980167682555544 
  34.06087777253421   0.048018096350867366 
 34.084237848041525    0.04805634478384932 
 34.107597923548845   0.048094936007064576 
  34.13095799905616    0.04813389246754681 
  34.15431807456348    0.04817323599807174 
  34.17767815007079    0.04821298778186787 
   34.2010382255781    0.04825316831790979 
 34.224398301085415     0.0482937973868994 
  34.24775837659273    0.04833489401805281 
  34.27111845210005    0.04837647645679587 
  34.29447852760736   0.048418562133483174 
  34.31783860311468    0.04846116763321381 
  34.34119867862199    0.04850430866686431 
 34.364558754129305    0.04854800004340089 
  34.38791882963662   0.048592255643566507 
  34.41127890514393    0.04863708839501214 
  34.43463898065125    0.04868251024893339 
  34.45799905615857   0.048728532158308635 
  34.48135913166588   0.048775164057745776 
 34.504719207173196    0.04882241484504093 
  34.52807928268051    0.04887029236446806 
  34.55143935818782    0.04891880339185041 
  34.57479943369514    0.04896795362145271 
  34.59815950920245   0.049017747654717614 
  34.62151958470977    0.04906818899089867 
 34.644879660217086    0.04911928001957234 
   34.6682397357244     0.0491710220150859 
  34.69159981123171    0.04922341513292448 
 34.714959886739024    0.04927645840802725 
 34.738319962246344     0.0493301497550392 
 34.761680037753656    0.04938448597050937 
 34.785040113260976   0.049439462737021295 
  34.80840018876829   0.049495074629255786 
   34.8317602642756    0.04955131512195384 
 34.855120339782914    0.04960817659979156 
  34.87848041529023    0.04966565036911114 
  34.90184049079755    0.04972372667150703 
  34.92520056630486   0.049782394699231555 
  34.94856064181218    0.04984164261237327 
  34.97192071731949    0.04990145755779267 
 34.995280792826804    0.04996182568976399 
  35.01864086833412   0.050022732192274995 
  35.04200094384143   0.050084161302948245 
  35.06536101934875    0.05014609633853322 
  35.08872109485607    0.05020851972191376 
  35.11208117036338   0.050271413010565584 
 35.135441245870695    0.05033475692644081 
  35.15880132137801   0.050398531387176045 
  35.18216139688532    0.05046271553859178 
  35.20552147239263    0.05052728778841693 
  35.22888154789995    0.05059222584115439 
  35.25224162340727    0.05065750673404029 
 35.275601698914585   0.050723106874020915 
   35.2989617744219    0.05078900207567223 
  35.32232184992921    0.05085516759999668 
  35.34568192543652    0.05092157819402752 
  35.36904200094384    0.05098820813115517 
 35.392402076451155    0.05105503125210906 
 35.415762151958475    0.05112202100653166 
  35.43912222746579    0.05118915049504499 
   35.4624823029731    0.05125639251175862 
  35.48584237848041    0.05132371958713366 
 35.509202453987726    0.05139110403112062 
 35.532562529495046   0.051458517976514004 
  35.55592260500236    0.05152593342243673 
  35.57928268050968   0.051593322277888536 
  35.60264275601699   0.051660656405275084 
   35.6260028315243   0.051727907663860706 
 35.649362907031616    0.05179504795306617 
  35.67272298253893    0.05186204925553968 
  35.69608305804625    0.05192888367993741 
  35.71944313355356    0.05199552350334819 
  35.74280320906088    0.05206194121328711 
 35.766163284568194    0.05212810954920477 
 35.789523360075506    0.05219400154345001 
  35.81288343558282      0.052259590561609 
  35.83624351109013    0.05232485034218178 
  35.85960358659745    0.05238975503552295 
  35.88296366210477    0.05245427924199871 
 35.906323737612084    0.05251839804930975 
   35.9296838131194   0.052582087068904555 
  35.95304388862671   0.052645322471462815 
  35.97640396413402   0.052708081021375995 
  35.99976403964134    0.05277034011018727 
 36.023124115148654    0.05283207778894815 
 36.046484190655974   0.052893272799420576 
  36.06984426616329   0.052953904604128244 
   36.0932043416706     0.0530139534151719 
  36.11656441717791    0.05307340022178216 
 36.139924492685225    0.05313222681658747 
 36.163284568192545    0.05319041582052954 
  36.18664464369986   0.053247950706409745 
  36.21000471920718    0.05330481582103716 
  36.23336479471449   0.053360996405915656 
   36.2567248702218    0.05341647861647259 
 36.280084945729115    0.05347124953977566 
  36.30344502123643    0.05352529721070474 
  36.32680509674375    0.05357861062657086 
  36.35016517225106    0.05363117976013746 
  36.37352524775838    0.05368299557102067 
  36.39688532326569   0.053734050015441015 
 36.420245398773005   0.053784336054316276 
  36.44360547428032   0.053833847659655154 
  36.46696554978763    0.05388257981924135 
  36.49032562529495    0.05393052853958218 
  36.51368570080227   0.053977690847111084 
  36.53704577630958    0.05402406478761598 
 36.560405851816896    0.05406964942389289 
  36.58376592732421    0.05411444483159235 
  36.60712600283152    0.05415845209327322 
  36.63048607833884    0.05420167329062082 
  36.65384615384615   0.054244111494853545 
  36.67720622935347    0.05428577075529389 
 36.700566304860786   0.054326656086109676 
   36.7239263803681    0.05436677345121537 
  36.74728645587541    0.05440612974734936 
 36.770646531382724    0.05444473278531472 
  36.79400660689004   0.054482591269406355 
 36.817366682397356      0.054519714775035 
 36.840726757904676    0.05455611372454091 
  36.86408683341199    0.05459179936124584 
   36.8874469089193     0.0546267837217325 
 36.910806984426614    0.05466107960640361 
  36.93416705993393   0.054694700548324655 
  36.95752713544125   0.054727660780394684 
  36.98088721094856    0.05475997520087805 
  37.00424728645588   0.054791659337336256 
  37.02760736196319   0.054822729308991056 
 37.050967437470504    0.05485320178759225 
  37.07432751297782    0.05488309395680753 
  37.09768758848513     0.0549124234702188 
  37.12104766399245    0.05494120840797023 
  37.14440773949977   0.054969467232125195 
  37.16776781500708    0.05499721874080834 
 37.191127890514394   0.055024482021220525 
  37.21448796602171     0.0550512764015555 
  37.23784804152902    0.05507762140195424 
  37.26120811703633    0.05510353668453573 
  37.28456819254365   0.055129042002619866 
  37.30792826805097    0.05515415714921509 
 37.331288343558285    0.05517890190487839 
   37.3546484190656    0.05520329598504817 
  37.37800849457291    0.05522735898692535 
  37.40136857008022    0.05525111033605333 
  37.42472864558754    0.05527456923265491 
 37.448088721094855   0.055297754597887154 
 37.471448796602175   0.055320685020078135 
  37.49480887210949    0.05534337870110401 
   37.5181689476168    0.05536585340300585 
  37.54152902312411    0.05538812639496416 
 37.564889098631426   0.055410214400769715 
 37.588249174138745    0.05543213354689724 
  37.61160924964606   0.055453899311322254 
  37.63496932515338    0.05547552647321002 
  37.65832940066069   0.055497029063589595 
    37.681689476168   0.055518420317157424 
 37.705049551675316    0.05553971262534268 
  37.72840962718263    0.05556091749074949 
  37.75176970268995    0.05558204548312916 
  37.77512977819726    0.05560310619698015 
  37.79848985370458   0.055624108210952185 
  37.82184992921189   0.055645059049136435 
 37.845210004719206    0.05566596514440559 
  37.86857008022652   0.055686831803910784 
  37.89193015573383    0.05570766317687594 
  37.91529023124115    0.05572846222479577 
  37.93865030674847   0.055749230694170475 
 37.962010382255784    0.05576996909190864 
 37.985370457763096   0.055790676663482204 
  38.00873053327041    0.05581135137398233 
  38.03209060877772    0.05583198989215154 
  38.05545068428504    0.05585258757753892 
 38.078810759792354   0.055873138470846594 
 38.102170835299674    0.05589363528757079 
  38.12553091080699     0.0559140694150517 
   38.1488909863143    0.05593443091298918 
  38.17225106182161    0.05595470851754222 
 38.195611137328925    0.05597488964904109 
 38.218971212836244    0.05599496042343099 
  38.24233128834356     0.0560149056674842 
  38.26569136385088    0.05603470893782331 
  38.28905143935819    0.05605435254384242 
   38.3124115148655    0.05607381757453162 
 38.335771590372815    0.05609308392925049 
  38.35913166588013   0.056112130352466226 
  38.38249174138745    0.05613093447248746 
  38.40585181689476    0.05614947284417081 
  38.42921189240208     0.0561677209956098 
  38.45257196790939    0.05618565347878892 
 38.475932043416705   0.056203243924172204 
  38.49929211892402    0.05622046509916945 
  38.52265219443133   0.056237288970470305 
  38.54601226993865   0.056253686770126515 
  38.56937234544597    0.05626962906536314 
  38.59273242095328   0.056285085831979234 
 38.616092496460595    0.05630002653127875 
  38.63945257196791   0.056314420190388244 
  38.66281264747522    0.05632823548583742 
  38.68617272298254   0.056341440830284945 
  38.70953279848985    0.05635400446218885 
  38.73289287399717     0.0563658945383117 
 38.756252949504486    0.05637707922881848 
   38.7796130250118   0.056387526814815396 
  38.80297310051911    0.05639720578810408 
 38.826333176026424   0.056406084952924276 
  38.84969325153374    0.05641413352946104 
 38.873053327041056    0.05642132125887542 
 38.896413402548376    0.05642761850956857 
  38.91977347805569    0.05643299638444985 
    38.943133553563   0.056437426828902675 
 38.966493629070314    0.05644088273915718 
  38.98985370457763    0.05644333807078522 
 39.013213780084946     0.0564447679469949 
  39.03657385559226    0.05644514876640504 
  39.05993393109958    0.05644445830999182 
  39.08329400660689   0.056442675846861294 
 39.106654082114204    0.05643978223852222 
  39.13001415762152   0.056435760041328054 
  39.15337423312883   0.056430593606721244 
  39.17673430863615    0.05642426917898092 
  39.20009438414347   0.056416774990099165 
  39.22345445965078    0.05640810135144843 
 39.246814535158094    0.05639824074193553 
  39.27017461066541   0.056387187892271255 
  39.29353468617272     0.0563749398650538 
  39.31689476168003   0.056361496130346675 
  39.34025483718735     0.0563468586364316 
  39.36361491269467    0.05633103187544041 
 39.386974988201985    0.05631402294358501 
   39.4103350637093    0.05629584159571713 
  39.43369513921661   0.056276500293932115 
  39.45705521472392   0.056256014249999535 
  39.48041529023124     0.0562344014613896 
 39.503775365738555    0.05621168274067881 
 39.527135441245875    0.05618788173814854 
  39.55049551675319    0.05616302495743073 
   39.5738555922605    0.05613714176402172 
  39.59721566776781   0.056110264386567264 
 39.620575743275126    0.05608242791082256 
 39.643935818782445    0.05605367026618541 
  39.66729589428976   0.056024032204800046 
  39.69065596979708    0.05599355727315741 
  39.71401604530439     0.0559622917762571 
   39.7373761208117    0.05593028473427893 
 39.760736196319016    0.05589758783191786 
  39.78409627182633    0.05586425536038217 
  39.80745634733365     0.0558303441522116 
  39.83081642284096   0.055795913509043234 
  39.85417649834828    0.05576102512247839 
  39.87753657385559    0.05572574298824069 
 39.900896649362906    0.05569013331385166 
  39.92425672487022   0.055654264420020284 
  39.94761680037753   0.055618206636078034 
  39.97097687588485   0.055582032189645435 
  39.99433695139217    0.05554581509092905 
 40.017697026899484    0.05550963101187828 
 40.041057102406796    0.05547355716062806 
  40.06441717791411   0.055437672151508154 
  40.08777725342142    0.05540205587104093 
  40.11113732892874     0.0553667893402963 
 40.134497404436054    0.05533195457398164 
 40.157857479943374    0.05529763443671932 
  40.18121755545069   0.055263912496858136 
    40.204577630958    0.05523087287832159 
  40.22793770646531    0.05519860011083632 
 40.251297781972625    0.05516717897903416 
 40.274657857479944    0.05513669437081878 
  40.29801793298726    0.05510723112543785 
  40.32137800849458    0.05507887388167345 
  40.34473808400189     0.0550517069265968 
   40.3680981595092    0.05502581404526561 
 40.391458235016515   0.055001278371784056 
  40.41481831052383   0.054978182242141835 
  40.43817838603115   0.054956607049163525 
  40.46153846153846   0.054936633099980856 
  40.48489853704578   0.054918339476375304 
  40.50825861255309    0.05490180389830803 
 40.531618688060405    0.05488710259097806 
  40.55497876356772    0.05487431015571766 
  40.57833883907503   0.054863499444981395 
  40.60169891458235    0.05485474144173007 
  40.62505899008967    0.05484810514340836 
  40.64841906559698    0.05484365745079126 
 40.671779141104295    0.05484146306185428 
  40.69513921661161    0.05484158437086529 
  40.71849929211892   0.054844081372860946 
  40.74185936762624    0.05484901157361953 
  40.76521944313355    0.05485642990527656 
  40.78857951864087    0.05486638864762878 
 40.811939594148186    0.05487893735523938 
   40.8352996696555    0.05489412279035115 
  40.85865974516281    0.05491198886167511 
  40.88201982067012    0.05493257656902039 
  40.90537989617744    0.05495592395378749 
 40.928739971684756   0.054982066055269535 
 40.952100047192076    0.05501103487272774 
  40.97546012269939   0.055042859333175445 
   40.9988201982067    0.05507756526478292 
 41.022180273714014    0.05511517537581686 
 41.045540349221326    0.05515570923900545 
 41.068900424728646   0.055199183281214405 
  41.09226050023596    0.05524561077830097 
  41.11562057574328     0.0552950018550091 
  41.13898065125059   0.055347363489758925 
 41.162340726757904    0.05540269952418324 
  41.18570080226522     0.0554610106772408 
  41.20906087777253     0.0555222945637688 
  41.23242095327985    0.05558654571726861 
  41.25578102878717     0.0556537556168056 
  41.27914110429448    0.05572391271780303 
 41.302501179801794    0.05579700248660917 
  41.32586125530911   0.055873007438637996 
  41.34922133081642    0.05595190717991952 
  41.37258140632373    0.05603367845191874 
  41.39594148183105    0.05611829517943293 
  41.41930155733837    0.05620572852142747 
 41.442661632845684    0.05629594692466319 
    41.466021708353   0.056388916179940476 
  41.48938178386031    0.05648459948085639 
  41.51274185936762   0.056582957484894655 
  41.53610193487494   0.056683948376763674 
 41.559462010382255    0.05678752793380567 
 41.582822085889575    0.05689364959339583 
  41.60618216139689     0.0570022645222067 
   41.6295422369042    0.05711332168720579 
  41.65290231241151    0.05722676792831812 
 41.676262387918825   0.057342548032619546 
 41.699622463426145    0.05746060480999262 
  41.72298253893346   0.057580879170131674 
  41.74634261444078    0.05770331020082425 
  41.76970268994809     0.0578278352474089 
   41.7930627654554     0.0579543899933473 
 41.816422840962716   0.058082908541810314 
  41.83978291647003    0.05821332349819753 
  41.86314299197735     0.0583455660535382 
  41.88650306748466    0.05847956606865203 
  41.90986314299198    0.05861525215902794 
  41.93322321849929    0.05875255178031864 
 41.956583294006606     0.0588913913143754 
  41.97994336951392    0.05903169615572535 
  42.00330344502124   0.059173390798427816 
  42.02666352052855    0.05931639892319865 
 42.050023596035864    0.05946064348470377 
  42.07338367154318     0.0596060467989345 
 42.096743747050496   0.059752530630561705 
  42.12010382255781   0.059900016280144595 
  42.14346389806512     0.0600484246710961 
  42.16682397357244   0.060197676436269276 
 42.190184049079754    0.06034769200405433 
  42.21354412458707    0.06049839168386418 
 42.236904200094386    0.06064969575083111 
   42.2602642756017    0.06080152452963149 
  42.28362435110901   0.060953798477246204 
  42.30698442661633   0.061106438264553885 
 42.330344502123644    0.06125936485654515 
  42.35370457763096    0.06141249959105719 
  42.37706465313827    0.06156576425583488 
  42.40042472864559   0.061719081163775155 
   42.4237848041529    0.06187237322616139 
 42.447144879660215   0.062025564023764905 
 42.470504955167534    0.06217857787560869 
  42.49386503067485   0.062331339905245794 
  42.51722510618216    0.06248377610438906 
  42.54058518168948    0.06263581339371596 
  42.56394525719679    0.06278737968069888 
 42.587305332704105    0.06293840391431327 
  42.61066540821142    0.06308881613644969 
  42.63402548371874    0.06323854752989323 
  42.65738555922605     0.0633875304627426 
  42.68074563473336    0.06353569852912073 
  42.70410571024068    0.06368298658606796 
 42.727465785747995    0.06382933078647561 
  42.75082586125531    0.06397466860799528 
  42.77418593676262    0.06411893887780748 
  42.79754601226994    0.06426208179315414 
  42.82090608777725    0.06440403893760291 
 42.844266163284566    0.06454475329295917 
 42.867626238791885     0.0646841692467816 
   42.8909863142992    0.06482223259550125 
  42.91434638980651     0.0649588905430983 
  42.93770646531383    0.06509409169536326 
  42.96106654082114    0.06522778604975728 
 42.984426616328456    0.06535992498087477 
  43.00778669183577     0.0654904612216214 
  43.03114676734309     0.0656193488401091 
   43.0545068428504    0.06574654321239957 
 43.077866918357714    0.06587200099116833 
  43.10122699386503    0.06599568007041356 
 43.124587069372346    0.06611753954635521 
  43.14794714487966     0.0662375396746475 
  43.17130722038697    0.06635564182409556 
  43.19466729589429    0.06647180842703934 
 43.218027371401604    0.06658600292658946 
  43.24138744690892    0.06669818972096786 
 43.264747522416236    0.06680833410509723 
  43.28810759792355     0.0669164022097613 
  43.31146767343086    0.06702236093851255 
  43.33482774893818     0.0671261779026145 
 43.358187824445494    0.06722782135428977 
  43.38154789995281    0.06732726011853715 
  43.40490797546012    0.06742446352379233 
  43.42826805096744     0.0675194013317557 
  43.45162812647475     0.0676120436666513 
 43.474988201982065    0.06770236094424678 
 43.498348277489384    0.06779032380089674 
   43.5217083529967    0.06787590302297399 
  43.54506842850401    0.06795906947695889 
  43.56842850401133    0.06803979404049217 
  43.59178857951864    0.06811804753472624 
 43.615148655025955    0.06819380065826514 
  43.63850873053327    0.06826702392297666 
  43.66186880604059    0.06833768759201629 
   43.6852288815479    0.06840576162029924 
  43.70858895705521     0.0684712155977547 
  43.73194903256253     0.0685340186955913 
 43.755309108069845    0.06859413961587958 
  43.77866918357716    0.06865154654466195 
  43.80202925908447    0.06870620710887189 
  43.82538933459179     0.0687580883372733 
   43.8487494100991    0.06880715662561654 
 43.872109485606416    0.06885337770625591 
 43.895469561113735    0.06889671662236506 
  43.91882963662105    0.06893713770695077 
  43.94218971212836    0.06897460456681731 
  43.96554978763568    0.06900908007157672 
  43.98890986314299    0.06904052634786355 
 44.012269938650306    0.06906890477883783 
  44.03563001415762    0.06909417600902726 
  44.05899008966494    0.06911629995459921 
  44.08235016517225    0.06913523581907909 
 44.105710240679564    0.06915094211453195 
  44.12907031618688    0.06916337668820463 
 44.152430391694196    0.06917249675460754 
  44.17579046720151    0.06917825893298059 
  44.19915054270882    0.06918061929007495 
  44.22251061821614    0.06917953338817072 
 44.245870693723454    0.06917495633821898 
  44.26923076923077    0.06916684285797838 
 44.292590844738086      0.069155147334989 
   44.3159509202454    0.06913982389424149 
  44.33931099575271     0.0691208264703129 
  44.36267107126003    0.06909810888382308 
 44.386031146767344     0.0690716249219243 
  44.40939122227466    0.06904132842264085 
  44.43275129778197    0.06900717336276208 
  44.45611137328929    0.06896911394905107 
   44.4794714487966     0.0689271047124705 
 44.502831524303915     0.0688811006051149 
 44.526191599811234    0.06883105709956991 
  44.54955167531855    0.06877693029035159 
  44.57291175082586    0.06871867699711141 
  44.59627182633318    0.06865625486925063 
  44.61963190184049    0.06858962249162509 
 44.642991977347805     0.0685187394909475 
  44.66635205285512    0.06844356664256801 
  44.68971212836244     0.0683640659772412 
  44.71307220386975    0.06828020088753026 
  44.73643227937706     0.0681919362334728 
  44.75979235488438    0.06809923844715977 
 44.783152430391695     0.0680020756358282 
  44.80651250589901    0.06790041768314269 
  44.82987258140632     0.0677942363482839 
  44.85323265691364    0.06768350536251116 
  44.87659273242095    0.06756820052281967 
 44.899952807928265    0.06744829978240453 
 44.923312883435585    0.06732378333755444 
   44.9466729589429    0.06719463371068737 
  44.97003303445021    0.06706083582921177 
  44.99339310995753    0.06692237709991933 
  45.01675318546484    0.06677924747863746 
 45.040113260972156    0.06663143953487499 
  45.06347333647947    0.06647894851119186 
  45.08683341198679    0.06632177237710857 
   45.1101934874941    0.06615991187729643 
  45.13355356300141     0.0659933705738722 
  45.15691363850873    0.06582215488263547 
 45.180273714016046    0.06564627410307441 
  45.20363378952336    0.06546574044201058 
  45.22699386503067    0.06528056903078247 
  45.25035394053799    0.06509077793586418 
 45.273714016045304    0.06489638816285744 
 45.297074091552616    0.06469742365380876 
 45.320434167059936     0.0644939112778386 
  45.34379424256725    0.06428588081505905 
  45.36715431807456    0.06407336493383152 
  45.39051439358188    0.06385639916139031 
 45.413874469089194    0.06363502184791128 
  45.43723454459651    0.06340927412410022 
  45.46059462010382    0.06317919985244565 
  45.48395469561114     0.0629448455722234 
  45.50731477111845    0.06270626043846403 
 45.530674846625764    0.06246349615501108 
 45.554034922133084    0.06221660690189388 
   45.5773949976404     0.0619656492572258 
  45.60075507314771   0.061710682113858766 
  45.62411514865503   0.061451766591048014 
  45.64747522416234    0.06118896594139639 
 45.670835299669655    0.06092234545336996 
  45.69419537517697     0.0606519723496721 
  45.71755545068429    0.06037791568178545 
   45.7409155261916   0.060100246221052055 
  45.76427560169891   0.059819036346554354 
  45.78763567720623    0.05953435993021519 
 45.810995752713545    0.05924629221943089 
  45.83435582822086    0.05895490971762381 
  45.85771590372817   0.058660290063063475 
  45.88107597923549    0.05836251190636479 
   45.9044360547428   0.058061654787003286 
 45.927796130250115      0.057757799009262 
 45.951156205757435    0.05745102551797708 
  45.97451628126475   0.057141415774466575 
  45.99787635677206    0.05682905163302166 
  46.02123643227938    0.05651401521835132 
  46.04459650778669    0.05619638880432512 
 46.067956583294006    0.05587625469441965 
  46.09131665880132    0.05555369510419607 
  46.11467673430864   0.055228792046183035 
  46.13803680981595    0.05490162721749497 
  46.16139688532326    0.05457228189053097 
  46.18475696083058     0.0542408368070608 
 46.208117036337896    0.05390737207602534 
  46.23147711184521    0.05357196707532325 
  46.25483718735252    0.05323470035788747 
  46.27819726285984    0.05289564956229741 
 46.301557338367154    0.05255489132818584 
 46.324917413874466    0.05221250121666257 
 46.348277489381786   0.051868553635979114 
   46.3716375648891    0.05152312177261215 
  46.39499764039641    0.05117627752795516 
  46.41835771590373   0.050828091460759804 
 46.441717791411044    0.05047863273547287 
  46.46507786691836   0.050127969076569065 
  46.48843794242567    0.04977616672897917 
  46.51179801793299    0.04942329042468592 
   46.5351580934403   0.049069403355530894 
 46.558518168947614    0.04871456715225125 
 46.581878244454934      0.048358841869772 
  46.60523831996225   0.048002285978720804 
  46.62859839546956    0.04764495636312413 
  46.65195847097687    0.04728690832423705 
  46.67531854648419    0.04692819559041048 
 46.698678621991505    0.04656887033290448 
  46.72203869749882   0.046208983187514666 
  46.74539877300614    0.04584858328186693 
  46.76875884851345    0.04548771826822962 
  46.79211892402076   0.045126434361630795 
  46.81547899952808   0.044764776383116434 
 46.838839075035395    0.04440278780788811 
  46.86219915054271   0.044040510818115386 
  46.88555922605002    0.04367798636014734 
  46.90891930155734    0.04331525420586229 
  46.93227937706465   0.042952353017867415 
 46.955639452571965    0.04258932041825199 
 46.978999528079285   0.042226193060575845 
   47.0023596035866   0.041863006704777446 
  47.02571967909391    0.04149979629466678 
  47.04907975460123    0.04113659603765258 
  47.07243983010854    0.04077343948635629 
 47.095799905615856    0.04041035962175826 
  47.11915998112317    0.04004738893750305 
  47.14252005663049    0.03968455952500012 
   47.1658801321378   0.039321903158947145 
  47.18924020764511    0.03895945138290188 
  47.21260028315243    0.03859723559452258 
 47.235960358659746    0.03823528713010895 
  47.25932043416706    0.03787363734807303 
  47.28268050967437    0.03751231771096845 
  47.30604058518169   0.037151359865710644 
 47.329400660689004    0.03679079572164633 
 47.352760736196316    0.03643065752610435 
 47.376120811703636    0.03607097793710407 
  47.39948088721095   0.035711790092883305 
  47.42284096271826    0.03535312767793217 
  47.44620103822558   0.034995024985225165 
 47.469561113732894     0.0346375169743623 
  47.49292118924021    0.03428063932535118 
  47.51628126474752   0.033924428487760845 
  47.53964134025484    0.03356892172501103 
  47.56300141576215     0.0332141571535853 
 47.586361491269464   0.032860173776949685 
 47.609721566776784    0.03250701151400776 
   47.6330816422841    0.03215471122192685 
  47.65644171779141    0.03180331471320531 
  47.67980179329872   0.031452864766853376 
  47.70316186880604    0.03110340513361247 
 47.726521944313355    0.03075498053513712 
  47.74988201982067   0.030407636657094946 
  47.77324209532799   0.030061420136177585 
   47.7966021708353   0.029716378541024928 
  47.81996224634261    0.02937256034708831 
  47.84332232184993   0.029030014905502707 
 47.866682397357245    0.02868879240604919 
  47.89004247286456   0.028348943834302837 
  47.91340254837187    0.02801052092311914 
  47.93676262387919   0.027673576098593364 
   47.9601226993865   0.027338162420694683 
 47.983482774893815   0.027004333518758746 
 48.006842850401135   0.026672143522080177 
  48.03020292590845   0.026341646985836433 
  48.05356300141576   0.026012898812626736 
  48.07692307692308    0.02568595416989617 
  48.10028315243039   0.025360868403562407 
 48.123643227937706     0.0250376969481592 
  48.14700330344502   0.024716495233836417 
  48.17036337895234   0.024397318590567225 
  48.19372345445965   0.024080222149933914 
  48.21708352996696   0.023765260744853644 
  48.24044360547428   0.023452488807644906 
 48.263803680981596    0.02314196026681954 
  48.28716375648891   0.022833728443002733 
  48.31052383199622    0.02252784594438782 
  48.33388390750354   0.022224364562128816 
 48.357243983010854   0.021923335166085346 
 48.380604058518166   0.021624807601325114 
 48.403964134025486    0.02132883058578809 
   48.4273242095328   0.021035451609519962 
  48.45068428504011   0.020744716835865106 
  48.47404436054743   0.020456671005009364 
 48.497404436054744   0.020171357340254114 
  48.52076451156206   0.019888817457381747 
  48.54412458706937   0.019609091277478327 
  48.56748466257669   0.019332216943545658 
    48.590844738084   0.019058230741230534 
 48.614204813591314   0.018787167023981026 
 48.637564889098634    0.01851905814291886 
  48.66092496460595    0.01825393438169311 
  48.68428504011326   0.017991823896570783 
  48.70764511562057   0.017732752661989554 
  48.73100519112789   0.017476744421769407 
 48.754365266635205    0.01722382064617644 
  48.77772534214252    0.01697400049498249 
  48.80108541764984    0.01672730078665936 
  48.82444549315715   0.016483735973808488 
  48.84780556866446   0.016243318124905412 
  48.87116564417178   0.016006056912416244 
 48.894525719679095   0.015771959607306218 
  48.91788579518641   0.015541031079947141 
  48.94124587069372   0.015313273807391172 
  48.96460594620104    0.01508868788696647 
  48.98796602170835   0.014867271056111573 
 49.011326097215665   0.014649018718348653 
 49.034686172722985    0.01443392397526743 
   49.0580462482303   0.014221977664373572 
  49.08140632373761   0.014013168402621245 
  49.10476639924493    0.01380748263543978 
  49.12812647475224   0.013604904691035933 
 49.151486550259555   0.013405416839739287 
  49.17484662576687   0.013208999358128352 
  49.19820670127419   0.013015630597677845 
   49.2215667767815   0.012825287057624753 
  49.24492685228881   0.012637943461765796 
  49.26828692779613   0.012453572838861377 
 49.291647003303446   0.012272146606322193 
  49.31500707881076   0.012093634656844137 
  49.33836715431807    0.01191800544764596 
  49.36172722982539   0.011745226091956011 
   49.3850873053327   0.011575262452398186 
 49.408447380840016   0.011408079235908324 
 49.431807456347336   0.011243640089831043 
  49.45516753185465   0.011081907698827293 
  49.47852760736196   0.010922843882235312 
  49.50188768286928   0.010766409691533158 
 49.525247758376594    0.01061256550754379 
 49.548607833883906   0.010461271137043978 
  49.57196790939122    0.01031248590843566 
  49.59532798489854   0.010166168766152702 
  49.61868806040585    0.01002227836348513 
 49.642048135913164   0.009880773153512561 
 49.665408211420484   0.009741611477858373 
   49.6887682869278   0.009604751652979306 
  49.71212836243511   0.009470152053731314 
  49.73548843794242   0.009337771193961114 
  49.75884851344974   0.009207567803893386 
 49.782208588957054   0.009079500904099865 
  49.80556866446437   0.008953529875855192 
  49.82892873997169   0.008829614527704728 
    49.852288815479   0.008707715158085497 
  49.87564889098631   0.008587792613866144 
  49.89900896649363   0.008469808344686363 
 49.922369042000945   0.008353724453002583 
  49.94572911750826   0.008239503739759943 
  49.96908919301557   0.008127109745637852 
  49.99244926852289   0.008016506787831943 
   50.0158093440302   0.007907659992356729 
 50.039169419537515   0.007800535321873267 
 50.062529495044835   0.007695099599063528 
  50.08588957055215   0.007591320525596393 
  50.10924964605946   0.007489166696741175 
  50.13260972156678   0.007388607611710292 
  50.15596979707409    0.00728961367982225 
 50.179329872581405   0.007192156222598228 
  50.20268994808872   0.007096207471915526 
  50.22605002359604   0.007001740564360388 
  50.24941009910335   0.006908729531931932 
  50.27277017461066  0.0068171492892639945 
  50.29613025011798   0.006726975617541843 
 50.319490325625296   0.006638185145301837 
  50.34285040113261   0.006550755326310011 
  50.36621047663992   0.006464664414726151 
  50.38957055214724   0.006379891437762847 
  50.41293062765455   0.006296416166060667 
 50.436290703161866  0.0062142190819981825 
 50.459650778669186   0.006133281346166594 
   50.4830108541765  0.0060535847622345046 
  50.50637092968381   0.005975111740434942 
  50.52973100519113   0.005897845259903166 
 50.553091080698444   0.005821768830095561 
 50.576451156205756   0.005746866451516497 
  50.59981123171307   0.005673122575977232 
  50.62317130722039   0.005600522066608508 
   50.6465313827277   0.005529050157841182 
 50.669891458235014   0.005458692415565835 
 50.693251533742334   0.005389434697674377 
  50.71661160924965   0.005321263115180223 
  50.73997168475696   0.005254163994103209 
  50.76333176026427   0.005188123838301075 
  50.78669183577159   0.005123129293415039 
 50.810051911278904   0.005059167112089767 
  50.83341198678622   0.004996224120617383 
  50.85677206229354   0.004934287187143075 
  50.88013213780085   0.004873343191560249 
  50.90349221330816    0.00481337899720854 
  50.92685228881548   0.004754381424480705 
 50.950212364322795   0.004696337226427249 
  50.97357243983011   0.004639233066439245 
  50.99693251533742   0.004583055498075643 
  51.02029259084474   0.004527790947089365 
  51.04365266635205   0.004473425695694726 
 51.067012741859365    0.00441994586910603 
 51.090372817366685   0.004367337424365043 
    51.113732892874  0.0043155861414645134 
  51.13709296838131   0.004264677616761357 
  51.16045304388863   0.004214597258664401 
  51.18381311939594  0.0041653302855681786 
 51.207173194903255   0.004116861725995936 
  51.23053327041057   0.004069176420904221 
  51.25389334591789   0.004022259028091074 
   51.2772534214252   0.003976094028642889 
  51.30061349693251   0.003930665735344526 
  51.32397357243983  0.0038859583029698577 
 51.347333647947146   0.003841955740364231 
  51.37069372345446   0.003798641924220985 
  51.39405379896177  0.0037560006144505254 
  51.41741387446909   0.003714015471032797 
   51.4407739499764  0.0036726700722418183 
 51.464134025483716   0.003631947934123834 
 51.487494100991036  0.0035918325311100206 
  51.51085417649835   0.003552307317639298 
  51.53421425200566  0.0035133557506666357 
  51.55757432751298   0.003474961312929536 
 51.580934403020294  0.0034371075368447666 
 51.604294478527606  0.0033997780289070317 
  51.62765455403492   0.003362956494462031 
  51.65101462954224   0.003326626762726434 
  51.67437470504955   0.003290772811929406 
 51.697734780556864    0.00325537879445202 
 51.721094856064184   0.003220429061843749 
   51.7444549315715  0.0031859081895974427 
  51.76781500707881   0.003151801001568503 
  51.79117508258612   0.003118092593927809 
  51.81453515809344  0.0030847683585412317 
 51.837895233600754   0.003051814005674919 
  51.86125530910807  0.0030192155859290015 
  51.88461538461539  0.0029869595113086143 
   51.9079754601227  0.0029550325753468012 
  51.93133553563001   0.002923421972198764 
  51.95469561113733  0.0028921153146342026 
 51.978055686644645   0.002861100650860391 
  52.00141576215196  0.0028303664801138436 
  52.02477583765927   0.002799901766967327 
  52.04813591316659  0.0027696959543028962 
   52.0714959886739    0.00273973897491057 
 52.094856064181215   0.002710021261676935 
 52.118216139688535  0.0026805337563366306 
  52.14157621519585  0.0026512679167641244 
  52.16493629070316  0.0026222157227917325 
  52.18829636621048  0.0025933696805446934 
  52.21165644171779  0.0025647228252915475 
 52.235016517225105  0.0025362687228134588 
  52.25837659273242   0.002508001469302553 
  52.28173666823974   0.002479915689805396 
  52.30509674374705   0.002452006535232565 
  52.32845681925436   0.002424269677961169 
  52.35181689476168   0.002396701306063014 
 52.375176970268996   0.002369298116194235 
  52.39853704577631  0.0023420573051885682 
  52.42189712128362  0.0023149765604002547 
  52.44525719679094   0.002288054048845838 
  52.46861727229825  0.0022612884051993326 
 52.491977347805566  0.0022346787186972397 
 52.515337423312886   0.002208224519014284 
   52.5386974988202   0.002181925761172698 
  52.56205757432751  0.0021557828095506264 
  52.58541764983483  0.0021297964210580406 
 52.608777725342144  0.0021039677275491962 
 52.632137800849456  0.0020782982175434634 
  52.65549787635677    0.00205278971732701 
  52.67885795186409  0.0020274443715085607 
   52.7022180273714  0.0020022646231038655 
 52.725578102878714  0.0019772531932225708 
 52.748938178386034   0.001952413060432953 
  52.77229825389335  0.0019277474398778135 
  52.79565832940066   0.001903259762215882 
  52.81901840490797  0.0018789536524612923 
  52.84237848041529  0.0018548329087930554 
 52.865738555922604  0.0018309014814050692 
  52.88909863142992  0.0018071634514654463 
  52.91245870693724  0.0017836230102524836 
  52.93581878244455  0.0017602844385324857 
  52.95917885795186  0.0017371520862419529 
  52.98253893345918  0.0017142303525351918 
 53.005899008966495  0.0016915236662550215 
  53.02925908447381  0.0016690364668816942 
  53.05261915998112  0.0016467731860125606 
  53.07597923548844   0.001624738229421458 
  53.09933931099575  0.0016029359597441904 
 53.122699386503065  0.0015813706798325023 
 53.146059462010385  0.0015600466168164354 
   53.1694195375177  0.0015389679069106532 
  53.19277961302501  0.0015181385809971723 
  53.21613968853233  0.0014975625510136009 
  53.23949976403964   0.001477243597171871 
 53.262859839546955  0.0014571853560289012 
  53.28621991505427   0.001437391309427349 
  53.30957999056159    0.00141786477432045 
   53.3329400660689  0.0013986088934914648 
  53.35630014157621  0.0013796266271748402 
  53.37966021708353  0.0013609207455818303 
 53.403020292590845  0.0013424938223314774 
  53.42638036809816    0.00132434822878177 
  53.44974044360547  0.0013064861292550185 
  53.47310051911279   0.001288909477146496 
   53.4964605946201   0.001271620011902819 
 53.519820670127416  0.0012546192568532964 
 53.543180745634736   0.001237908517874572 
  53.56654082114205  0.0012214888828659639 
  53.58990089664936  0.0012053612220101753 
  53.61326097215668  0.0011895261887915744 
  53.63662104766399   0.001173984221741809 
 53.659981123171306   0.001158735546880219 
  53.68334119867862    0.00114378018081453 
  53.70670127418594  0.0011291179344653597 
  53.73006134969325  0.0011147484173764535 
 53.753421425200564   0.001100671042570879 
 53.776781500707884   0.001086885031912281 
 53.800141576215196  0.0010733894219291703 
  53.82350165172251  0.0010601830700588493 
  53.84686172722982  0.0010472646612677684 
  53.87022180273714  0.0010346327150034431 
 53.893581878244454  0.0010222855924337144 
  53.91694195375177  0.0010102215039283883 
  53.94030202925909  0.0009984385167386295 
   53.9636621047664   0.000986934562829764 
  53.98702218027371  0.0009757074468232981 
  54.01038225578103    0.00096475485400516 
 54.033742331288344  0.0009540743583574482 
  54.05710240679566  0.0009436634305721077 
  54.08046248230297  0.0009335194460067006 
  54.10382255781029   0.000923639692542599 
   54.1271826333176  0.0009140213783087377 
 54.150542708824915   0.000904661639234804 
 54.173902784332235  0.0008955575463997383 
  54.19726285983955  0.0008867061131436203 
  54.22062293534686  0.0008781043019125873 
  54.24398301085418  0.0008697490308089719 
  54.26734308636149  0.0008616371798207188 
 54.290703161868805  0.0008537655967067268 
  54.31406323737612  0.0008461311025169796 
  54.33742331288344  0.0008387304967289467 
  54.36078338839075  0.0008315605619838658 
  54.38414346389806  0.0008246180684095781 
  54.40750353940538  0.0008178997775186805 
 54.430863614912695  0.0008114024456735655 
  54.45422369042001  0.0008051228271124092 
  54.47758376592732  0.0007990576765327501 
  54.50094384143464  0.0007932037512318074 
  54.52430391694195  0.0007875578128052256 
 54.547663992449266  0.0007821166284083116 
 54.571024067956586  0.0007768769715862895 
   54.5943841434639  0.0007718356226824361 
  54.61774421897121  0.0007669893688350877 
  54.64110429447853   0.000762335003576856 
  54.66446436998584  0.0007578693260513011 
 54.687824445493156  0.0007535891398643419 
  54.71118452100047  0.0007494912515895509 
  54.73454459650779  0.0007455724689481778 
   54.7579046720151  0.0007418295986863734 
 54.781264747522414  0.0007382594441735737 
 54.804624823029734  0.0007348588027473388 
 54.827984898537046  0.0007316244628311696 
  54.85134497404436  0.0007285532008528188 
  54.87470504955167  0.0007256417779917129 
  54.89806512505899  0.0007228869367845612 
 54.921425200566304  0.0007202853976192376 
  54.94478527607362  0.0007178338551471433 
  54.96814535158094  0.0007155289746448339 
  54.99150542708825  0.0007133673883556995 
  55.01486550259556  0.0007113456918426285 
  55.03822557810288  0.0007094604403824331 
 55.061585653610194  0.0007077081454324559 
  55.08494572911751  0.0007060852711995794 
  55.10830580462482  0.0007045882313410579 
  55.13166588013214  0.0007032133858261542 
  55.15502595563945  0.0007019570379865915 
 55.178386031146765  0.0007008154317829737 
 55.201746106654085  0.0006997847493132491 
   55.2251061821614  0.0006988611085881483 
  55.24846625766871  0.0006980405615972251 
  55.27182633317603  0.0006973190926877443 
  55.29518640868334  0.0006966926172772646 
 55.318546484190655  0.0006961569809190557 
  55.34190655969797  0.0006957079587379639 
  55.36526663520529    0.00069534125525259 
   55.3886267107126  0.0006950525045977925 
  55.41198678621991  0.0006948372711597352 
  55.43534686172723  0.0006946910506337625 
 55.458706937234545  0.0006946092715134172 
  55.48206701274186  0.0006945872970169693 
  55.50542708824917  0.0006946204274556762 
  55.52878716375649  0.0006947039030461037 
   55.5521472392638  0.0006948329071666436 
 55.575507314771116  0.0006950025700562852 
 55.598867390278436  0.0006952079729517345 
  55.62222746578575  0.0006954441526567051 
  55.64558754129306    0.00069570610653535 
  55.66894761680038  0.0006959887979195745 
  55.69230769230769  0.0006962871619181105 
 55.715667767815006  0.0006965961116131677 
  55.73902784332232  0.0006969105446285008 
  55.76238791882964  0.0006972253500510193 
  55.78574799433695  0.0006975354156860527 
 55.809108069844264  0.0006978356356247324 
 55.832468145351584  0.0006981209181002408 
 55.855828220858896  0.0006983861936080598 
  55.87918829636621  0.0006986264232638409 
  55.90254837187352  0.0006988366073710931 
  55.92590844738084  0.0006990117941695202 
 55.949268522888154  0.0006991470887336908 
  55.97262859839547   0.000699237661990515 
  55.99598867390279  0.0006992787598230817 
   56.0193487494101   0.000699265712227481 
  56.04270882491741  0.0006991939424885543 
  56.06606890042473  0.0006990589763398023 
 56.089428975932044   0.000698856451072317 
  56.11278905143936  0.0006985821245571509 
  56.13614912694667  0.0006982318841454418 
  56.15950920245399  0.0006978017554104917 
   56.1828692779613  0.0006972879106961258 
 56.206229353468615   0.000696686677435923 
 56.229589428975935  0.0006959945462082787 
  56.25294950448325  0.0006952081784928632 
  56.27630957999056  0.0006943244140947017 
  56.29966965549788  0.0006933402782030181 
  56.32302973100519  0.0006922529880529609 
 56.346389806512505   0.000691059959159508 
  56.36974988201982  0.0006897588110942103 
  56.39310995752714  0.0006883473727767822 
  56.41647003303445  0.0006868236872552973 
  56.43983010854176  0.0006851860159503473 
  56.46319018404908  0.0006834328423404913 
 56.486550259556395  0.0006815628750682544 
  56.50991033506371  0.0006795750504480797 
  56.53327041057102  0.0006774685343598137 
  56.55663048607834  0.0006752427235137126 
  56.57999056158565  0.0006728972460752575 
 56.603350637092966  0.0006704319616406528 
 56.626710712600286  0.0006678469605564193 
   56.6500707881076    0.00066514256257911 
  56.67343086361491  0.0006623193148738978 
  56.69679093912223  0.0006593779893534267 
  56.72015101462954  0.0006563195793611815 
 56.743511090136856  0.0006531452957062585 
  56.76687116564417  0.0006498565620592732 
  56.79023124115149  0.0006464550097218271 
   56.8135913166588  0.0006429424717847122 
 56.836951392166114   0.000639320976692663 
 56.860311467673434  0.0006355927412361264 
 56.883671543180746   0.000631760162993059 
  56.90703161868806  0.0006278258122462031 
  56.93039169419537  0.0006237924234037322 
  56.95375176970269  0.0006196628859533475 
 56.977111845210004  0.0006154402349821275 
  57.00047192071732    0.00061112764129638 
  57.02383199622464  0.0006067284011776739 
  57.04719207173195  0.0006022459258129159 
  57.07055214723926  0.0005976837304378686 
  57.09391222274658  0.0005930454232349311 
 57.117272298253894   0.000588334694027155 
  57.14063237376121  0.0005835553028114684 
  57.16399244926852  0.0005787110681749198 
  57.18735252477584  0.0005738058556383071 
  57.21071260028315  0.0005688435659719937 
 57.234072675790465  0.0005638281235288289 
 57.257432751297785  0.0005587634646391404 
   57.2807928268051  0.0005536535261124468 
  57.30415290231241  0.0005485022338900882 
  57.32751297781973  0.0005433134918923251 
  57.35087305332704  0.0005380911711025384 
 57.374233128834355  0.0005328390989300474 
  57.39759320434167  0.0005275610488918231 
  57.42095327984899   0.000522260730651805 
   57.4443133553563  0.0005169417804549111 
  57.46767343086361   0.000511607751990887 
  57.49103350637093  0.0005062621077211845 
 57.514393581878245  0.0005009082106998126 
  57.53775365738556  0.0004955493169167302 
  57.56111373289287   0.000490188568189941 
  57.58447380840019  0.0004848289856297647 
   57.6078338839075  0.0004794734636960879 
 57.631193959414816 0.00047412476486653873 
 57.654554034922135  0.0004687855149306869 
  57.67791411042945 0.00046345819892236586 
  57.70127418593676 0.00045814515769921287 
  57.72463426144408 0.00045284858517550245 
  57.74799433695139  0.0004475705262112721 
 57.771354412458706 0.00044231287515766887 
  57.79471448796602  0.0004370773750554502 
  57.81807456347334  0.0004318656174805117 
  57.84143463898065 0.00042667904302740966 
 57.864794714487964 0.00042151894241889565 
  57.88815478999528 0.00041638645822673616 
 57.911514865502596  0.0004112825871863308 
  57.93487494100991 0.00040620818308503294 
  57.95823501651722 0.00040116396020164346 
  57.98159509202454 0.00039615049727214307 
 58.004955167531854 0.00039116824195458615 
  58.02831524303917    0.00038621751576398 
 58.051675318546486 0.00038129851944617576 
   58.0750353940538 0.00037641133875805204 
  58.09839546956111  0.0003715559506197656 
  58.12175554506843  0.0003667322296035755 
 58.145115620575744  0.0003619399547225878 
  58.16847569608306  0.0003571788164818443 
  58.19183577159037  0.0003524484241535232 
  58.21519584709769   0.000347748313237452 
    58.238555922605  0.0003430779530678773 
 58.261915998112315 0.00033843675452730734 
 58.285276073619634  0.0003338240778284067 
  58.30863614912695  0.0003292392403251753 
  58.33199622463426 0.00032468152431519326 
  58.35535630014157 0.00032015018479540094 
  58.37871637564889  0.0003156444571347637 
 58.402076451156205  0.0003111635646282489 
  58.42543652666352 0.00030670672589773256 
  58.44879660217084  0.0003022731621069085 
  58.47215667767815  0.0002978621039587484 
  58.49551675318546 0.00029347279844576607 
  58.51887682869278  0.0002891045153251604 
 58.542236904200095 0.00028475655329278984 
  58.56559697970741 0.00028042824583198134 
  58.58895705521472 0.00027611896671528665 
  58.61231713072204   0.000271828135139465 
  58.63567720622935 0.00026755522047624094 
 58.659037281736666 0.00026329974662365476 
 58.682397357243985  0.0002590612959451959 
   58.7057574327513  0.0002548395127862179 
  58.72911750825861  0.0002506341065595118 
  58.75247758376593 0.00024644485439427735 
  58.77583765927324 0.00024227160334505728 
 58.799197734780556 0.00023811427215948537 
  58.82255781028787 0.00023397285260599624 
  58.84591788579519 0.00022984741036481365 
   58.8692779613025 0.00022573808548769297 
 58.892638036809814 0.00022164509243392783 
  58.91599811231713  0.0002175687196921418 
 58.939358187824446  0.0002135093289992296 
  58.96271826333176 0.00020946735416957972 
  58.98607833883907  0.0002054432995494154 
  59.00943841434639 0.00020143773811257248 
 59.032798489853704 0.00019745130921549982 
  59.05615856536102 0.00019348471603051234 
 59.079518640868336 0.00018953872267752159 
  59.10287871637565  0.0001856141510754617 
  59.12623879188296 0.00018171187753549767 
  59.14959886739028 0.00017783282911888065 
 59.172958942897594 0.00017397797978287863 
  59.19631901840491 0.00017014834633867002 
  59.21967909391222 0.00016634498424544173 
  59.24303916941954 0.00016256898326507245 
  59.26639924492685 0.00015882146300186633 
 59.289759320434165 0.00015510356835168524 
 59.313119395941484 0.00015141646488466668 
   59.3364794714488 0.00014776133418534134 
  59.35983954695611 0.00014413936917353202 
  59.38319962246342 0.00014055176942888044 
  59.40655969797074 0.00013699973654115945 
 59.429919773478055 0.00013348446950779295 
  59.45327984898537 0.00013000716019913758 
  59.47663992449269 0.00012656898891118487 
               59.5 0.00012317112002431196 
