|bandpass_frequency|      bandpass_weights|
|            double|                double|
|               GHz|                      |
|              null|                  null|
               10.0 2.3291312900152892e-76 
 10.023360075507314  3.562051333141369e-76 
 10.046720151014629  5.444643628183632e-76 
 10.070080226521945   8.31767267401045e-76 
  10.09344030202926  1.269981149013983e-75 
 10.116800377536574  1.938009075801118e-75 
 10.140160453043888 2.9558161806609863e-75 
 10.163520528551203  4.505698446017013e-75 
 10.186880604058517  6.864515773303091e-75 
 10.210240679565834 1.0452514485179627e-74 
 10.233600755073148 1.5907236401926395e-74 
 10.256960830580462  2.419534280436743e-74 
 10.280320906087777  3.678170965595478e-74 
 10.303680981595091  5.588498422397624e-74 
 10.327041057102408   8.48635983837161e-74 
 10.350401132609722 1.2879851117306234e-73 
 10.373761208117037 1.9537245501135552e-73 
 10.397121283624351 2.9619581378014926e-73 
 10.420481359131665  4.488049011070594e-73 
  10.44384143463898  6.796719682506093e-73 
 10.467201510146296 1.0287366685224871e-72 
  10.49056158565361 1.5562242423230808e-72 
 10.513921661160925  2.352898689293252e-72 
  10.53728173666824 3.5554729217556043e-72 
 10.560641812175554  5.369756841528015e-72 
  10.58400188768287  8.105409523249761e-72 
 10.607361963190185 1.2228083712600942e-71 
 10.630722038697499 1.8437623547800128e-71 
 10.654082114204813 2.7785267606895167e-71 
 10.677442189712128  4.184921591110173e-71 
 10.700802265219442 6.2997478766634975e-71 
 10.724162340726759   9.47811808045194e-71 
 10.747522416234073 1.4252274050915092e-70 
 10.770882491741387 2.1419499505685367e-70 
 10.794242567248702   3.21734459159947e-70 
 10.817602642756016  4.830020164731209e-70 
 10.840962718263333  7.247086026322566e-70 
 10.864322793770647 1.0867783981114964e-69 
 10.887682869277961 1.6288522308491352e-69 
 10.911042944785276  2.439975617087396e-69 
  10.93440302029259  3.653022915545513e-69 
 10.957763095799905  5.466160989199408e-69 
 10.981123171307221  8.174770193774346e-69 
 11.004483246814535 1.2218891283116224e-68 
  11.02784332232185 1.8253710698357422e-68 
 11.051203397829164 2.7254212705449202e-68 
 11.074563473336479 4.0670474130683785e-68 
 11.097923548843795  6.065798049674981e-68 
  11.12128362435111   9.04190161751674e-68 
 11.144643699858424 1.3470841520430373e-67 
 11.168003775365738 2.0058238772542255e-67 
 11.191363850873053 2.9850663464449456e-67 
 11.214723926380369   4.43995227734069e-67 
 11.238084001887684  6.600331364921759e-67 
 11.261444077394998   9.80655123047517e-67 
 11.284804152902312  1.456230051162356e-66 
 11.308164228409627  2.161258942585194e-66 
 11.331524303916941 3.2058761842214177e-66 
 11.354884379424256  4.752803027932849e-66 
 11.378244454931572   7.04232423980228e-66 
 11.401604530438886 1.0429064384150789e-65 
 11.424964605946201 1.5436108144366684e-65 
 11.448324681453515 2.2834600075369897e-65 
  11.47168475696083  3.376075431216816e-65 
 11.495044832468146   4.98877605133734e-65 
  11.51840490797546  7.367820091298781e-65 
 11.541764983482775 1.0875447957597654e-64 
  11.56512505899009  1.604421360877076e-64 
 11.588485134497404  2.365662887104259e-64 
  11.61184521000472  3.486184914981565e-64 
 11.635205285512034 5.1346533003093394e-64 
 11.658565361019349  7.558488801391392e-64 
 11.681925436526663  1.112043992727812e-63 
 11.705285512033978 1.6352046339424448e-63 
 11.728645587541294 2.4031750012068997e-63 
 11.752005663048608 3.5298953895485325e-63 
 11.775365738555923  5.182047894528201e-63 
 11.798725814063237  7.603335628530326e-63 
 11.822085889570552 1.1149876410438361e-62 
 11.845445965077866 1.6341770215099395e-62 
  11.86880604058518 2.3938189516744706e-62 
 11.892166116092497 3.5046661920323162e-62 
 11.915526191599811  5.128202611485906e-62 
 11.938886267107126 7.4997511172874306e-62 
  11.96224634261444  1.096204771514466e-61 
 11.985606418121755  1.601399494755259e-61 
 12.008966493629071  2.338141820580283e-61 
 12.032326569136385  3.411969793671238e-61 
   12.0556866446437 4.9762555164709504e-61 
 12.079046720151014    7.2537625399527e-61 
 12.102406795658329 1.0567862795593683e-60 
 12.125766871165645 1.5387716231754614e-60 
  12.14912694667296 2.2393622037023066e-60 
 12.172487022180274   3.25714950054755e-60 
 12.195847097687588  4.734937132992022e-60 
 12.219207173194903  6.879453166004619e-60 
 12.242567248702219  9.989800105551442e-60 
 12.265927324209532 1.4498492822620916e-59 
 12.289287399716848 2.1030621114456712e-59 
 12.312647475224162 3.0489094316433284e-59 
 12.336007550731477  4.417739802390657e-59 
 12.359367626238791  6.397627189419438e-59 
 12.382727701746106  9.259785199589431e-59 
 12.406087777253422 1.3395103874112646e-58 
 12.429447852760736 1.9366647613201017e-58 
  12.45280792826805 2.7985044899599778e-58 
 12.476168003775365 4.0416691587188736e-58 
  12.49952807928268  5.833896352843081e-58 
 12.522888154789996  8.416273803826226e-58 
  12.54624823029731  1.213512355233209e-57 
 12.569608305804625  1.748766199694823e-57 
  12.59296838131194 2.5187351452603815e-57 
 12.616328456819254  3.625738338685985e-57 
  12.63968853232657   5.21643286552521e-57 
 12.663048607833884  7.500910695335422e-57 
 12.686408683341199 1.0779970635143493e-56 
 12.709768758848513 1.5484043161688215e-56 
 12.733128834355828 2.2228716294374846e-56 
 12.756488909863144  3.189389858171766e-56 
 12.779848985370457  4.573661857136935e-56 
 12.803209060877773  6.555166346158416e-56 
 12.826569136385087   9.39002185300424e-56 
 12.849929211892402 1.3443511186937963e-55 
 12.873289287399716    1.9236322466964e-55 
  12.89664936290703 2.7510254774478836e-55 
 12.920009438414347 3.9321529834216516e-55 
 12.943369513921661 5.6173234495117625e-55 
 12.966729589428976  8.020319902144172e-55 
  12.99008966493629 1.1445036621567855e-54 
 13.013449740443605 1.6323223246759818e-54 
 13.036809815950921   2.32679378064158e-54 
 13.060169891458235   3.31492044796753e-54 
  13.08352996696555  4.720104039990863e-54 
 13.106890042472864  6.717277328801871e-54 
 13.130250117980179  9.554285952984724e-54 
 13.153610193487495 1.3582084957500085e-53 
  13.17697026899481 1.9297360203259849e-53 
 13.200330344502124 2.7402653532878035e-53 
 13.223690420009438 3.8891132852047083e-53 
 13.247050495516753  5.516604228895277e-53 
 13.270410571024069  7.820892647191989e-53 
 13.293770646531382 1.1081641237422284e-52 
 13.317130722038698  1.569333026173986e-52 
 13.340490797546012 2.2212089380657983e-52 
 13.363850873053327 3.1421504966891887e-52 
 13.387210948560641 4.4425039877461944e-52 
 13.410571024067956 6.2775755363484825e-52 
 13.433931099575272  8.865828931405953e-52 
 13.457291175082586 1.2514399903727027e-51 
   13.4806512505899 1.7654848490050627e-51 
 13.504011326097215  2.489322975919245e-51 
  13.52737140160453 3.5080178097068073e-51 
 13.550731477111846 4.9408949851811696e-51 
  13.57409155261916  6.955250109129307e-51 
 13.597451628126475  9.785503512825415e-51 
  13.62081170363379 1.3759951476483705e-50 
 13.644171779141104 1.9338105715253535e-50 
  13.66753185464842 2.7162782921164034e-50 
 13.690891930155734  3.813273045091202e-50 
 13.714252005663049  5.350382794901663e-50 
 13.737612081170363  7.503002991621872e-50 
 13.760972156677678 1.0515954553812736e-49 
 13.784332232184994 1.4730775152611982e-49 
 13.807692307692307 2.0623663902865143e-49 
 13.831052383199623 2.8858208657872324e-49 
 13.854412458706937  4.035861404022949e-49 
 13.877772534214252  5.641134423790869e-49 
 13.901132609721566  7.880612758293037e-49 
  13.92449268522888 1.1003145673690008e-48 
 13.947852760736197  1.535454945900957e-48 
 13.971212836243511  2.141512606397486e-48 
 13.994572911750826  2.985159484893085e-48 
  14.01793298725814  4.158893420679269e-48 
 14.041293062765455   5.79097106765909e-48 
  14.06465313827277  8.059133585806125e-48 
 14.088013213780085 1.1209562747143836e-47 
   14.1113732892874 1.5583045965325994e-47 
 14.134733364794714  2.165107158430611e-47 
 14.158093440302029 3.0065595364620325e-47 
 14.181453515809345 4.1727617816121077e-47 
 14.204813591316658   5.78816297117911e-47 
 14.228173666823974  8.024561084269012e-47 
 14.251533742331288 1.1118986568893937e-46 
 14.274893817838603 1.5398290510583094e-46 
 14.298253893345919 2.1312932071490435e-46 
 14.321613968853232  2.948338099374061e-46 
 14.344974044360548  4.076380955264777e-46 
 14.368334119867862   5.63294670616221e-46 
 14.391694195375177   7.77964757496013e-46 
 14.415054270882493 1.0738598646716584e-45 
 14.438414346389806 1.4814899459559908e-45 
 14.461774421897122 2.0427405955224127e-45 
 14.485134497404436  2.815082639064745e-45 
  14.50849457291175  3.877327615807992e-45 
 14.531854648419065  5.337492445759601e-45 
  14.55521472392638  7.343540210533097e-45 
 14.578574799433696 1.0098040633255773e-44 
  14.60193487494101 1.3878169495325766e-44 
 14.625294950448325  1.906297600729033e-44 
  14.64865502595564  2.617053855365926e-44 
 14.672015101462954  3.590856643037154e-44 
  14.69537517697027  4.924327484583493e-44 
 14.718735252477583  6.749307951175322e-44 
 14.742095327984899   9.24559833501244e-44 
 14.765455403492213 1.2658267382514873e-43 
 14.788815478999528  1.732116016471306e-43 
 14.812175554506844  2.368880558116802e-43 
 14.835535630014157 3.2379700519072373e-43 
 14.858895705521473  4.423499412604896e-43 
 14.882255781028787  6.039800683358712e-43 
 14.905615856536102  8.242192073379855e-43 
 14.928975932043418 1.1241553988865678e-42 
  14.95233600755073  1.532404682002087e-42 
 14.975696083058047  2.087776930828601e-42 
 14.999056158565361 2.8428780344139517e-42 
 15.022416234072676  3.868974569838905e-42 
  15.04577630957999  5.262559764208892e-42 
 15.069136385087305  7.154210756096954e-42 
  15.09249646059462  9.720530042140915e-42 
 15.115856536101935 1.3200236022751028e-41 
  15.13921661160925 1.7915832105421575e-41 
 15.162576687116564  2.430277206988664e-41 
 15.185936762623879  3.294869294788087e-41 
 15.209296838131195 4.4646160985848104e-41 
 15.232656913638507  6.046354524698688e-41 
 15.256016989145824  8.184019548780985e-41 
 15.279377064653138 1.1071418710137592e-40 
 15.302737140160453 1.4969368038708091e-40 
 15.326097215667769  2.022866558039881e-40 
 15.349457291175082 2.7320873892075815e-40 
 15.372817366682398  3.687954271004789e-40 
 15.396177442189712 4.9755381679998295e-40 
 15.419537517697027  6.709006248915363e-40 
 15.442897593204343  9.041488528974731e-40 
 15.466257668711656  1.217826122288106e-39 
 15.489617744218972  1.639435183968754e-39 
 15.512977819726286 2.2058035880487572e-39 
   15.5363378952336  2.966217916539019e-39 
 15.559697970740915  3.986602198310927e-39 
  15.58305804624823 5.3550852497871285e-39 
 15.606418121755546  7.189414458533088e-39 
  15.62977819726286  9.646822845396532e-39 
 15.653138272770175 1.2937153832920998e-38 
  15.67649834827749 1.7340309469748094e-38 
 15.699858423784804 2.3229433268914164e-38 
  15.72321849929212  3.110169510652083e-38 
 15.746578574799432  4.161914804350594e-38 
 15.769938650306749  5.566292181779841e-38 
 15.793298725814063  7.440506599560995e-38 
 15.816658801321378  9.940373732790363e-38 
 15.840018876828694 1.3272924566894268e-37 
 15.863378952336006 1.7713086852069337e-37 
 15.886739027843323 2.3625749630150576e-37 
 15.910099103350637 3.1494931518515668e-37 
 15.933459178857952  4.196231813270748e-37 
 15.956819254365268  5.587814945050398e-37 
  15.98017932987258  7.436837703366178e-37 
 16.003539405379897  9.892324306152503e-37 
  16.02689948088721 1.3151404852908721e-36 
 16.050259556394526  1.747469947864571e-36 
 16.073619631901842  2.320657548911629e-36 
 16.096979707409155  3.080180598809219e-36 
  16.12033978291647  4.086063318291219e-36 
 16.143699858423787 5.4174860137008546e-36 
   16.1670599339311  7.178840560857076e-36 
 16.190420009438412   9.50768155088257e-36 
  16.21378008494573 1.2585160649720412e-35 
 16.237140160453045  1.664971198431396e-35 
 16.260500235960357 2.2014991359192853e-35 
 16.283860311467674  2.909337826703436e-35 
  16.30722038697499  3.842674830937511e-35 
 16.330580462482303  5.072674243143276e-35 
  16.35394053798962  6.692743411094105e-35 
  16.37730061349693  8.825417269523545e-35 
 16.400660689004248  1.163135204595187e-34 
  16.42402076451156 1.5321068026523816e-34 
 16.447380840018877 2.0170273023610735e-34 
 16.470740915526193  2.653984712071396e-34 
 16.494100991033505 3.4901891911267886e-34 
  16.51746106654082  4.587366537789075e-34 
 16.540821142048138  6.026176460682327e-34 
  16.56418121755545  7.911961856203888e-34 
 16.587541293062763  1.038222583452579e-33 
  16.61090136857008 1.3616350219670175e-33 
 16.634261444077396 1.7848220343216374e-33 
  16.65762151958471 2.3382615989705063e-33 
 16.680981595092025 3.0616479969691674e-33 
  16.70434167059934 4.0066500218392734e-33 
 16.727701746106654  5.240485936690586e-33 
  16.75106182161397  6.850554411624313e-33 
 16.774421897121282  8.950429969759561e-33 
   16.7977819726286 1.1687620608388374e-32 
  16.82114204813591 1.5253599858206557e-32 
 16.844502123643228 1.9896772783629105e-32 
 16.867862199150544 2.5939224499728674e-32 
 16.891222274657856  3.379834243008604e-32 
 16.914582350165173 4.4014714755359565e-32 
  16.93794242567249  5.728810645314853e-32 
   16.9613025011798  7.452382543562558e-32 
 16.984662576687118  9.689244570040175e-32 
  17.00802265219443 1.2590669181386345e-31 
 17.031382727701747 1.6352035999167964e-31 
  17.05474280320906 2.1225551986234005e-31 
 17.078102878716376 2.7536598952933617e-31 
 17.101462954223692 3.5704730881276373e-31 
 17.124823029731004  4.627062837190462e-31 
  17.14818310523832  5.993068070687779e-31 
 17.171543180745637 7.7581328875738266e-31 
  17.19490325625295 1.0037589243924043e-30 
 17.218263331760262 1.2979735353341903e-30 
  17.24162340726758 1.6775152600374676e-30 
 17.264983482774895 2.1668625149288688e-30 
 17.288343558282207 2.7974380672807372e-30 
 17.311703633789524  3.609556650710741e-30 
  17.33506370929684  4.654912415587555e-30 
 17.358423784804152 5.9997540430469754e-30 
  17.38178386031147  7.728935331101485e-30 
  17.40514393581878  9.951079715388428e-30 
 17.428504011326098  1.280516132784316e-29 
  17.45186408683341  1.646888636720537e-29 
 17.475224162340727 2.1169361217302032e-29 
 17.498584237848043  2.719666351650729e-29 
 17.521944313355355   3.49210963151573e-29 
  17.54530438886267 4.4815112430955863e-29 
 17.568664464369988  5.748115727206882e-29 
   17.5920245398773  7.368700773677571e-29 
 17.615384615384613  9.441059987243331e-29 
  17.63874469089193 1.2089686079700669e-28 
 17.662104766399246 1.5472971853582567e-28 
  17.68546484190656 1.9792329144738093e-28 
 17.708824917413875  2.530373000364025e-28 
  17.73218499292119 3.2332305225723777e-28 
 17.755545068428503  4.129079964931286e-28 
  17.77890514393582  5.270288987095145e-28 
 17.802265219443132  6.723262872634896e-28 
  17.82562529495045  8.572160520798244e-28 
  17.84898537045776 1.0923581484497305e-27 
 17.872345445965077 1.3912474440605618e-27 
 17.895705521472394 1.7709581157142112e-27 
 17.919065596979706 2.2530809665880816e-27 
 17.942425672487023  2.864902990229367e-27 
  17.96578574799434 3.6408909441295636e-27 
  17.98914582350165  4.624556222960081e-27 
 18.012505899008964  5.870797695969974e-27 
  18.03586597451628  7.448843333570001e-27 
 18.059226050023597    9.4459415592872e-27 
  18.08258612553091 1.1971990768503967e-26 
 18.105946201038225  1.516534214274135e-26 
  18.12930627654554 1.9200068971336207e-26 
 18.152666352052854 2.4295067909974822e-26 
  18.17602642756017  3.072544734413356e-26 
 18.199386503067487 3.8836769469885225e-26 
   18.2227465785748  4.906285102289436e-26 
 18.246106654082112  6.194799915738421e-26 
  18.26946672958943  7.817477166849837e-26 
 18.292826805096745  9.859861426272796e-26 
 18.316186880604057 1.2429105386083025e-25 
 18.339546956111374 1.5659353067766241e-25 
  18.36290703161869 1.9718445116557665e-25 
 18.386267107126002  2.481626610929189e-25 
 18.409627182633315  3.121513004136732e-25 
 18.432987258140635 3.9242694276786356e-25 
 18.456347333647948  4.930800836772281e-25 
  18.47970740915526   6.19214473358204e-25 
 18.503067484662576  7.771945545845215e-25 
 18.526427560169893  9.749524391856095e-25 
 18.549787635677205 1.2223685316032327e-24 
  18.57314771118452 1.5317431983021298e-24 
 18.596507786691838 1.9183809269756336e-24 
  18.61986786219915 2.4013133895698834e-24 
 18.643227937706463  3.004193926017117e-24 
  18.66658801321378 3.7564034549200695e-24 
 18.689948088721096 4.6944170027804815e-24 
  18.71330816422841 5.8634913020261975e-24 
 18.736668239735724  7.319747699810638e-24 
  18.76002831524304   9.13274150410463e-24 
 18.783388390750353 1.1388629552229044e-23 
 18.806748466257666  1.419407304805651e-23 
 18.830108541764986 1.7681043584550387e-23 
   18.8534686172723 2.2012737971065456e-23 
  18.87682869277961  2.739085350443143e-23 
 18.900188768286927  3.406453146006491e-23 
 18.923548843794244    4.2341345017758e-23 
 18.946908919301556 5.2600791221353463e-23 
 18.970268994808873  6.531084810567228e-23 
  18.99362907031619  8.104828168358846e-23 
   19.0169891458235 1.0052353775839374e-22 
 19.040349221330814 1.2461123617710242e-22 
  19.06370929683813 1.5438750701103835e-22 
 19.087069372345447 1.9117567750064217e-22 
  19.11042944785276   2.36602145394781e-22 
 19.133789523360075 2.9266467056346336e-22 
  19.15714959886739  3.618157969360427e-22 
 19.180509674374704  4.470646983404347e-22 
  19.20386974988202   5.52101445658942e-22 
 19.227229825389337  6.814485440813659e-22 
  19.25058990089665  8.406456184329176e-22 
 19.273949976403962 1.0364743679638628e-21 
  19.29731005191128 1.2772324132947461e-21 
 19.320670127418595 1.5730664698004836e-21 
 19.344030202925907  1.936377466395209e-21 
 19.367390278433223  2.382312861680661e-21 
  19.39075035394054 2.9293645808167095e-21 
 19.414110429447852 3.6000948140441516e-21 
 19.437470504955165  4.422016510380506e-21 
 19.460830580462485  5.428660921615674e-21 
 19.484190655969797 6.6608711862368724e-21 
  19.50755073147711  8.168368909752058e-21 
 19.530910806984426 1.0011650258785927e-20 
 19.554270882491743 1.2264279553273279e-20 
 19.577630957999055 1.5015662085601714e-20 
  19.60099103350637 1.8374394360037527e-20 
 19.624351109013688  2.247230965636948e-20 
    19.647711184521 2.7469360403964696e-20 
 19.671071260028313 3.3559507049689926e-20 
  19.69443133553563  4.097781679768197e-20 
 19.717791411042946   5.00090158380868e-20 
 19.741151486550258  6.099778670706323e-20 
 19.764511562057574  7.436115970310005e-20 
  19.78787163756489  9.060341556757475e-20 
 19.811231713072203 1.1033399798261457e-19 
 19.834591788579516 1.3428903128631699e-19 
 19.857951864086836  1.633571540366926e-19 
  19.88131193959415 1.9861051607761921e-19 
  19.90467201510146  2.413419495918509e-19 
 19.928032090608777  2.931095180105686e-19 
 19.951392166116094 3.5578987617735863e-19 
 19.974752241623406 4.3164214742147156e-19 
 19.998112317130722  5.233843459399345e-19 
  20.02147239263804   6.34284755239816e-19 
  20.04483246814535  7.682711260851395e-19 
 20.068192543652664  9.300610930316162e-19 
  20.09155261915998 1.1253178420221577e-18 
 20.114912694667296 1.3608358100306503e-18 
  20.13827277017461 1.6447620817602451e-18 
 20.161632845681925 1.9868601917928896e-18 
  20.18499292118924  2.398824271335319e-18 
 20.208352996696554 2.8946529295274765e-18 
  20.23171307220387 3.4910939684756396e-18 
 20.255073147711187  4.208173043489831e-18 
   20.2784332232185 5.0698217477282435e-18 
 20.301793298725812  6.104623384594163e-18 
  20.32515337423313  7.346697962999655e-18 
 20.348513449740445   8.83675179297905e-18 
 20.371873525247757 1.0623321568808193e-17 
 20.395233600755073 1.2764248116297745e-17 
  20.41859367626239  1.532842118127011e-17 
 20.441953751769702 1.8397843899650202e-17 
 20.465313827277015 2.2070074092992336e-17 
 20.488673902784335 2.6461109482055025e-17 
 20.512033978291647  3.170879554358342e-17 
  20.53539405379896 3.7976848328070587e-17 
 20.558754129306276  4.545960042920117e-17 
 20.582114204813593 5.4387596819777274e-17 
 20.605474280320905  6.503418887323679e-17 
  20.62883435582822  7.772330007061298e-17 
 20.652194431335538    9.2838566223295e-17 
  20.67555450684285  1.108340871846059e-16 
 20.698914582350163 1.3224706674181443e-16 
  20.72227465785748 1.5771266355631398e-16 
 20.745634733364795 1.8798142966864752e-16 
 20.768994808872108 2.2393977537669285e-16 
 20.792354884379424 2.6663397157499194e-16 
  20.81571495988674 3.1729828445972924e-16 
 20.839075035394053  3.773879346352984e-16 
 20.862435110901366  4.486176851483882e-16 
 20.885795186408686  5.330069931680629e-16 
    20.909155261916  6.329328106156694e-16 
  20.93251533742331   7.51191293106168e-16 
 20.955875412930627  8.910698776234095e-16 
 20.979235488437944 1.0564314214559905e-15 
 21.002595563945256  1.251812362682284e-15 
 21.025955639452572  1.482537171198374e-15 
  21.04931571495989 1.7548517149525784e-15 
   21.0726757904672 2.0760785755685895e-15 
 21.096035865974514  2.454797818756635e-15 
  21.11939594148183  2.901057266744907e-15 
 21.142756016989146 3.4266169426397848e-15 
  21.16611609249646   4.04523307166537e-15 
 21.189476168003775  4.772987844877943e-15 
  21.21283624351109  5.628672092113935e-15 
 21.236196319018404  6.634229089658893e-15 
  21.25955639452572  7.815268963640899e-15 
 21.282916470033037  9.201664564408337e-15 
  21.30627654554035 1.0828241304830179e-14 
 21.329636621047662 1.2735575304694212e-14 
  21.35299669655498 1.4970916295802977e-14 
 21.376356772062294  1.758925415400074e-14 
 21.399716847569607  2.065455067557447e-14 
 21.423076923076923  2.424116135208126e-14 
  21.44643699858424  2.843547547134812e-14 
 21.469797074091552   3.33378069410478e-14 
 21.493157149598865  3.906457286084489e-14 
 21.516517225106185  4.575080213277235e-14 
 21.539877300613497  5.355302238070101e-14 
  21.56323737612081  6.265258024136208e-14 
 21.586597451628126   7.32594577958281e-14 
 21.609957527135442  8.561665664968075e-14 
 21.633317602642755 1.0000523107303691e-13 
  21.65667767815007 1.1675006282627698e-13 
 21.680037753657388 1.3622648298837446e-13 
   21.7033978291647  1.588678604570293e-13 
 21.726757904672013  1.851742930094295e-13 
  21.75011798017933 2.1572255512981893e-13 
 21.773478055686645  2.511774774829426e-13 
 21.796838131193958  2.923049562261253e-13 
 21.820198206701274 3.3998681662866566e-13 
  21.84355828220859 3.9523778505873316e-13 
 21.866918357715903  4.592248567029902e-13 
 21.890278433223216  5.332893838400819e-13 
 21.913638508730536  6.189722515862375e-13 
  21.93699858423785  7.180425553092639e-13 
  21.96035865974516  8.325302469701691e-13 
 21.983718735252477  9.647632771593502e-13 
 22.007078810759793  1.117409826290799e-12 
 22.030438886267106 1.2935262931105491e-12 
 22.053798961774422 1.4966117922708652e-12 
  22.07715903728174 1.7306700062076722e-12 
  22.10051911278905 2.0002793410379917e-12 
 22.123879188296364 2.3106724528704194e-12 
  22.14723926380368  2.667826341127395e-12 
 22.170599339310996  3.078564350679606e-12 
  22.19395941481831  3.550671586395191e-12 
 22.217319490325625  4.093025423887694e-12 
  22.24067956583294 4.7157430007293705e-12 
 22.264039641340254 5.4303477953306395e-12 
  22.28739971684757 6.2499576483877644e-12 
 22.310759792354887  7.189496856814709e-12 
   22.3341198678622  8.265935275214021e-12 
 22.357479943369512   9.49855769822125e-12 
 22.380840018876828 1.0909267171833736e-11 
 22.404200094384144 1.2522926296685928e-11 
 22.427560169891457  1.436774104518967e-11 
 22.450920245398773 1.6475692121709768e-11 
  22.47428032090609  1.888301945524299e-11 
 22.497640396413402 2.1630766032492033e-11 
 22.521000471920715  2.476538796117257e-11 
 22.544360547428035 2.8339438404996592e-11 
 22.567720622935347 3.2412333859334464e-11 
  22.59108069844266 3.7051212147186844e-11 
 22.614440773949976 4.2331892516265894e-11 
 22.637800849457292   4.83399493178517e-11 
 22.661160924964605  5.517191195556762e-11 
  22.68452100047192  6.293660511654055e-11 
 22.707881075979238  7.175664474897652e-11 
  22.73124115148655  8.177010683987333e-11 
 22.754601226993863  9.313238778609023e-11 
  22.77796130250118 1.0601827705397305e-10 
 22.801321378008495 1.2062426490070425e-10 
 22.824681453515808 1.3717111019884097e-10 
 22.848041529023124 1.5590669587976088e-10 
  22.87140160453044 1.7710920220788593e-10 
 22.894761680037753 2.0109063103414895e-10 
 22.918121755545066  2.282007173714984e-10 
 22.941481831052386 2.5883126810851277e-10 
   22.9648419065597 2.9342097144917565e-10 
  22.98820198206701  3.324607247615541e-10 
 23.011562057574327 3.7649953295656485e-10 
 23.034922133081643 4.2615103432853757e-10 
 23.058282208588956  4.821007159950258e-10 
 23.081642284096272  5.451138867040681e-10 
  23.10500235960359  6.160444808615912e-10 
   23.1283624351109  6.958447742001741e-10 
 23.151722510618214  7.855760985954575e-10 
  23.17508258612553  8.864206511717963e-10 
 23.198442661632846  9.996945010596677e-10 
  23.22180273714016  1.126861906009547e-09 
 23.245162812647475  1.269551060570867e-09 
  23.26852288815479 1.4295714077464843e-09 
 23.291882963662104  1.608932656978294e-09 
  23.31524303916942  1.809865663046523e-09 
 23.338603114676737 2.0348453330204665e-09 
  23.36196319018405  2.286615741826819e-09 
 23.385323265691362  2.568217651347687e-09 
 23.408683341198678  2.883018643273761e-09 
 23.432043416705994  3.234746092267012e-09 
 23.455403492213307 3.6275232233770523e-09 
 23.478763567720623  4.065908516165406e-09 
  23.50212364322794  4.554938737656464e-09 
 23.525483718735252  5.100175907124625e-09 
 23.548843794242565  5.707758517875868e-09 
 23.572203869749885  6.384457364648521e-09 
 23.595563945257197  7.137736350092816e-09 
  23.61892402076451  7.975818670039313e-09 
 23.642284096271826   8.90775880497594e-09 
 23.665644171779142   9.94352077438035e-09 
 23.689004247286455 1.1094063141329188e-08 
  23.71236432279377  1.237143128718889e-08 
 23.735724398301087 1.3788857510193503e-08 
   23.7590844738084 1.5360869537418442e-08 
 23.782444549315713  1.710340807703764e-08 
  23.80580462482303 1.9033954076894126e-08 
 23.829164700330345 2.1171666396280224e-08 
 23.852524775837658  2.353753064051533e-08 
 23.875884851344974 2.6154519952326664e-08 
  23.89924492685229  2.904776860030184e-08 
 23.922605002359603 3.2244759252710104e-08 
 23.945965077866916 3.5775524874786156e-08 
 23.969325153374236  3.967286623915577e-08 
 23.992685228881548 4.3972586092358494e-08 
  24.01604530438886 4.8713741075428425e-08 
 24.039405379896177 5.3938912553079417e-08 
 24.062765455403493  5.969449756426167e-08 
 24.086125530910806  6.603102116649629e-08 
 24.109485606418122  7.300347150753297e-08 
  24.13284568192544  8.067165902016704e-08 
  24.15620575743275  8.910060119967614e-08 
 24.179565832940064  9.836093448786554e-08 
  24.20292590844738 1.0852935485317852e-07 
 24.226285983954696  1.196890887224854e-07 
  24.24964605946201 1.3193039598682234e-07 
 24.273006134969325  1.453511068703358e-07 
  24.29636621047664  1.600571945186519e-07 
 24.319726285983954 1.7616338522981167e-07 
  24.34308636149127 1.9379380831721375e-07 
 24.366446436998586 2.1308268765958403e-07 
   24.3898065125059 2.3417507705766635e-07 
 24.413166588013212  2.572276415802089e-07 
 24.436526663520528 2.8240948714332776e-07 
 24.459886739027844  3.099030406263238e-07 
 24.483246814535157  3.399049828837048e-07 
 24.506606890042473   3.72627237066617e-07 
  24.52996696554979  4.082980147169562e-07 
 24.553327041057102  4.471629221436155e-07 
 24.576687116564415  4.894861296320482e-07 
 24.600047192071735  5.355516060747913e-07 
 24.623407267579047  5.856644216422125e-07 
  24.64676734308636  6.401521211376444e-07 
 24.670127418593676  6.993661706998121e-07 
 24.693487494100992  7.636834805266337e-07 
 24.716847569608305  8.335080062984029e-07 
  24.74020764511562  9.092724319732948e-07 
 24.763567720622937   9.91439936614225e-07 
  24.78692779613025 1.0805060478830394e-06 
 24.810287871637563 1.1770005848040785e-06 
  24.83364794714488 1.2814896923542142e-06 
 24.857008022652195 1.3945779703813699e-06 
 24.880368098159508 1.5169106992840006e-06 
 24.903728173666824 1.6491761648047956e-06 
  24.92708824917414 1.7921080841956492e-06 
 24.950448324681453  1.946488135905095e-06 
 24.973808400188766 2.1131485948152544e-06 
 24.997168475696085 2.2929750749190052e-06 
 25.020528551203398  2.486909381174401e-06 
  25.04388862671071 2.6959524721065843e-06 
 25.067248702218027 2.9211675345399156e-06 
 25.090608777725343 3.1636831716437716e-06 
 25.113968853232656 3.4246967052570485e-06 
 25.137328928739972  3.705477593218948e-06 
  25.16068900424729  4.007370962182736e-06 
   25.1840490797546 4.3318012561186135e-06 
 25.207409155261914  4.680276000423216e-06 
  25.23076923076923  5.054389681248297e-06 
 25.254129306276546  5.455827739339232e-06 
  25.27748938178386  5.886370677333535e-06 
 25.300849457291175  6.347898279113821e-06 
  25.32420953279849  6.842393939434971e-06 
 25.347569608305804  7.371949101659279e-06 
  25.37092968381312  7.938767801026838e-06 
 25.394289759320436  8.545171310469107e-06 
  25.41764983482775  9.193602885544049e-06 
  25.44100991033506  9.886632604623633e-06 
 25.464369985842378 1.0626962300006139e-05 
 25.487730061349694 1.1417430575159961e-05 
 25.511090136857007 1.2261017902828181e-05 
 25.534450212364323 1.3160851798238061e-05 
  25.55781028787164 1.4120212061164344e-05 
 25.581170363378952 1.5142536080104627e-05 
 25.604530438886265 1.6231424191323798e-05 
 25.627890514393584  1.739064508501875e-05 
 25.651250589900897 1.8624141250362697e-05 
  25.67461066540821 1.9936034450688254e-05 
 25.697970740915526  2.133063121957178e-05 
 25.721330816422842 2.2812428368104288e-05 
 25.744690891930155 2.4386118493154162e-05 
  25.76805096743747   2.60565954759691e-05 
 25.791411042944787 2.7828959960000124e-05 
   25.8147711184521 2.9708524796431464e-05 
 25.838131193959413  3.170082044544711e-05 
  25.86149126946673  3.381160032090608e-05 
 25.884851344974045 3.6046846065721064e-05 
 25.908211420481358  3.841277274490025e-05 
 25.931571495988674 4.0915833942901914e-05 
  25.95493157149599  4.356272675167721e-05 
 25.978291647003303  4.636039663554512e-05 
  26.00165172251062 4.9316042158830694e-05 
 26.025011798017932  5.243711956204107e-05 
 26.048371873525248  5.573134717224521e-05 
  26.07173194903256  5.920670963322684e-05 
 26.095092024539877  6.287146194098593e-05 
 26.118452100047193  6.673413327015523e-05 
 26.141812175554506  7.080353057699699e-05 
 26.165172251061822  7.508874196476679e-05 
 26.188532326569135  7.959913979739807e-05 
  26.21189240207645  8.434438354772446e-05 
 26.235252477583767  8.933442236673354e-05 
  26.25861255309108  9.457949736070902e-05 
 26.281972628598396 0.00010009014356352279 
  26.30533270410571  0.0001058771915918083 
 26.328692779613025 0.00011195176897130406 
  26.35205285512034 0.00011832530112319082 
 26.375412930627654 0.00012500951199996137 
  26.39877300613497 0.00013201642436101797 
 26.422133081642283 0.00013935835967897588 
   26.4454931571496 0.00014704793766848748 
 26.468853232656915 0.00015509807543024118 
 26.492213308164228 0.00016352198620375394 
 26.515573383671544  0.0001723331777235409 
 26.538933459178857 0.00018154545017425207 
 26.562293534686173 0.00019117289374148745 
 26.585653610193486 0.00020122988575605645 
 26.609013685700802 0.00021173108743066142 
 26.632373761208118  0.0002226914401891131 
  26.65573383671543 0.00023412616158946655 
 26.679093912222747  0.0002460507408436731 
  26.70245398773006 0.00025848093393759794 
 26.725814063237376  0.0002714327583566297 
 26.749174138744692 0.00028492248742329173 
 26.772534214252005  0.0002989666442546413 
  26.79589428975932 0.00031358199534859907 
 26.819254365266634  0.0003287855438095128 
  26.84261444077395  0.0003445945222247683 
 26.865974516281266 0.00036102638520533857 
  26.88933459178858  0.0003780988016046206 
 26.912694667295895  0.0003958296464310155 
 26.936054742803208 0.00041423699247098057 
 26.959414818310524 0.00043333910164051223 
  26.98277489381784 0.00045315441608400855 
 27.006134969325153 0.00047370154904075956 
  27.02949504483247  0.0004949992755001336 
 27.052855120339782  0.0005170665226676905 
 27.076215195847098  0.0005399223602652505 
  27.09957527135441  0.0005635859906888473 
 27.122935346861727  0.0005880767390492568 
 27.146295422369043  0.0006134140431205377 
 27.169655497876356   0.000639617443222495 
 27.193015573383672  0.0006667065720637272 
 27.216375648890985  0.0006947011445721238 
   27.2397357243983   0.000723620947740237 
 27.263095799905617  0.0007534858305130052 
  27.28645587541293  0.0007843156937456343 
 27.309815950920246  0.0008161304802593527 
  27.33317602642756  0.0008489501650228336 
 27.356536101934875  0.0008827947454867256 
  27.37989617744219  0.0009176842320986429 
 27.403256252949504  0.0009536386390255761 
  27.42661632845682  0.0009906779751100215 
 27.449976403964133  0.0010288222350857978 
  27.47333647947145  0.0010680913910785235 
 27.496696554978765  0.0011085053844151918 
 27.520056630486078  0.0011500841177661354 
 27.543416705993394  0.0011928474476418543 
 27.566776781500707  0.0012368151772657182 
 27.590136857008023  0.0012820070498429223 
 27.613496932515336   0.001328442742243763 
 27.636857008022652  0.0013761418591191476 
 27.660217083529968  0.0014251239274632795 
  27.68357715903728  0.0014754083916384184 
 27.706937234544597  0.0015270146088730615 
  27.73029731005191  0.0015799618452449402 
 27.753657385559226  0.0016342692721571998 
 27.777017461066542   0.001689955963314052 
 27.800377536573855  0.0017470408922013456 
  27.82373761208117  0.0018055429300737592 
 27.847097687588484  0.0018654808444495928 
   27.8704577630958  0.0019268732981109029 
 27.893817838603116   0.001989738848605119 
  27.91717791411043  0.0020540959482413493 
 27.940537989617745    0.00211996294457249 
 27.963898065125058  0.0021873580813522725 
 27.987258140632374   0.002256299499952615 
  28.01061821613969  0.0023268052412255555 
 28.033978291647003  0.0023988932477909926 
  28.05733836715432   0.002472581366728266 
  28.08069844266163  0.0025478873526482318 
 28.104058518168948  0.0026248288711190762 
  28.12741859367626  0.0027034235024165575 
 28.150778669183577  0.0027836887455676795 
 28.174138744690893   0.002865642022652596 
 28.197498820198206   0.002949300683329226 
 28.220858895705522   0.003034682009540281 
 28.244218971212835  0.0031218032203615496 
  28.26757904672015   0.003210681476947365 
 28.290939122227467  0.0033013338875262574 
  28.31429919773478  0.0033937775123985704 
 28.337659273242096  0.0034880293688844028 
  28.36101934874941  0.0035841064361689817 
 28.384379424256725   0.003682025659990106 
  28.40773949976404  0.0037818039571097376 
 28.431099575271354    0.00388345821951142 
  28.45445965077867   0.003987005318261776 
 28.477819726285983    0.00409246210697385 
   28.5011798017933   0.004199845424807729 
 28.524539877300615   0.004309172098943441 
 28.547899952807928   0.004420458946459103 
 28.571260028315244   0.004533722775546951 
 28.594620103822557   0.004648980385998167 
 28.617980179329873    0.00476624856888828 
 28.641340254837186   0.004885544105392957 
 28.664700330344502   0.005006883764664808 
 28.688060405851818   0.005130284300701902 
  28.71142048135913   0.005255762448138372 
 28.734780556866447   0.005383334916889056 
  28.75814063237376   0.005513018385580171 
 28.781500707881076   0.005644829493700067 
 28.804860783388392      0.005778784832405 
 28.828220858895705   0.005914900933916527 
  28.85158093440302   0.006053194259451115 
 28.874941009910334   0.006193681185622318 
  28.89830108541765   0.006336377989261422 
 28.921661160924966   0.006481300830604174 
  28.94502123643228   0.006628465734794961 
 28.968381311939595   0.006777888571666273 
 28.991741387446908  0.0069295850337506865 
 29.015101462954224     0.0070835706124944 
  29.03846153846154   0.007239860572639619 
 29.061821613968853     0.0073984699247539 
  29.08518168947617   0.007559413395889063 
  29.10854176498348   0.007722705398357447 
 29.131901840490798    0.00788835999662237 
  29.15526191599811   0.008056390872304954 
 29.178621991505427   0.008226811287319875 
 29.201982067012743   0.008399634045156796 
 29.225342142520056    0.00857487145033586 
 29.248702218027372   0.008752535266073908 
 29.272062293534685   0.008932636670204375 
    29.295422369042   0.009115186209407057 
 29.318782444549317   0.009300193751811193 
  29.34214252005663   0.009487668438043854 
 29.365502595563946   0.009677618630810162 
  29.38886267107126   0.009870051863095745 
 29.412222746578575   0.010064974785098386 
  29.43558282208589   0.010262393109999884 
 29.458942897593204   0.010462311558705667 
  29.48230297310052   0.010664733803685303 
 29.505663048607833   0.010869662412057685 
  29.52902312411515   0.011077098788079115 
 29.552383199622465   0.011287043115195322 
 29.575743275129778   0.011499494297835455 
 29.599103350637094   0.011714449903129056 
 29.622463426144407   0.011931906102740173 
 29.645823501651723   0.012151857615018823 
 29.669183577159036   0.012374297647682006 
  29.69254365266635   0.012599217841234156 
 29.715903728173668   0.012826608213361637 
  29.73926380368098    0.01305645710451777 
 29.762623879188297   0.013288751124945248 
  29.78598395469561    0.01352347510336921 
 29.809344030202926   0.013760612037604933 
 29.832704105710242   0.014000143047329857 
 29.856064181217555   0.014242047329265503 
  29.87942425672487   0.014486302115018893 
 29.902784332232184   0.014732882631832415 
   29.9261444077395    0.01498176206649213 
 29.949504483246816   0.015232911532634357 
  29.97286455875413   0.015486300041699236 
 29.996224634261445   0.015741894477760858 
 30.019584709768758    0.01599965957646971 
 30.042944785276074    0.01625955790832869 
  30.06630486078339    0.01652154986651545 
 30.089664936290703   0.016785593659461195 
  30.11302501179802   0.017051645308369855 
  30.13638508730533    0.01731965864987075 
 30.159745162812648    0.01758958534396283 
  30.18310523831996    0.01786137488740357 
 30.206465313827277   0.018134974632687168 
 30.229825389334593    0.01841032981271669 
 30.253185464841906    0.01868738357128733 
 30.276545540349222   0.018966076999447384 
 30.299905615856535   0.019246349177806377 
  30.32326569136385    0.01952813722482583 
 30.346625766871167   0.019811376351113394 
  30.36998584237848   0.020095999919708136 
 30.393345917885796   0.020381939512335207 
  30.41670599339311   0.020669125001569928 
 30.440066068900425   0.020957484628836256 
  30.46342614440774   0.021246945088133757 
 30.486786219915054   0.021537431615365376 
  30.51014629542237   0.021828868083113333 
 30.533506370929683   0.022121177100678333 
    30.556866446437   0.022414280119181007 
 30.580226521944315    0.02270809754149514 
 30.603586597451628   0.023002548836750996 
 30.626946672958944   0.023297552659141397 
 30.650306748466257   0.023593026970713766 
 30.673666823973573    0.02388888916782925 
 30.697026899480885    0.02418505621094178 
   30.7203869749882   0.024481444757325773 
 30.743747050495518    0.02477797129635704 
  30.76710712600283    0.02507455228695583 
 30.790467201510147   0.025371104296750383 
  30.81382727701746   0.025667544142528104 
 30.837187352524776   0.025963789031521408 
 30.860547428032092   0.026259756703059946 
 30.883907503539405   0.026555365570110467 
  30.90726757904672     0.0268505348602195 
 30.930627654554034   0.027145184755371806 
  30.95398773006135   0.027439236530258492 
 30.977347805568666   0.027732612688465535 
  31.00070788107598   0.028025237096075715 
 31.024067956583295   0.028317035112191715 
 31.047428032090608   0.028607933715888396 
 31.070788107597924    0.02889786162910253 
  31.09414818310524    0.02918674943498529 
 31.117508258612553   0.029474529691258657 
  31.14086833411987    0.02976113703810588 
  31.16422840962718   0.030046508300179103 
 31.187588485134498   0.030330582582285107 
  31.21094856064181    0.03061330135836524 
 31.234308636149127   0.030894608553382583 
 31.257668711656443   0.031174450617764096 
 31.281028787163756    0.03145277659407069 
 31.304388862671072    0.03172953817559756 
 31.327748938178384   0.032004689756626827 
   31.3511090136857    0.03227818847409829 
 31.374469089193017    0.03254999424048784 
  31.39782916470033    0.03282006976771657 
 31.421189240207646    0.03308838058196102 
  31.44454931571496   0.033354895029242375 
 31.467909391222275    0.03361958427174993 
  31.49126946672959    0.03388242227484403 
 31.514629542236904   0.034143385784772044 
  31.53798961774422   0.034402454297118294 
 31.561349693251532    0.03465961001608797 
  31.58470976875885    0.03491483780474612 
 31.608069844266165    0.03516812512635773 
 31.631429919773478    0.03541946197704151 
 31.654789995280794    0.03566884080996782 
 31.678150070788107    0.03591625645136504 
 31.701510146295423    0.03616170600864432 
 31.724870221802735   0.036405188770983116 
  31.74823029731005   0.036646706102742364 
 31.771590372817368    0.03688626133010718 
  31.79495044832468    0.03712385962140982 
 31.818310523831997    0.03735950786156985 
  31.84167059933931   0.037593214521157894 
 31.865030674846626    0.03782498952058523 
 31.888390750353942   0.038054844089961196 
 31.911750825861255   0.038282790625159595 
  31.93511090136857    0.03850884254068295 
 31.958470976875883    0.03873301411989514 
   31.9818310523832    0.03895532036322446 
  32.00519112789051    0.03917577683495845 
 32.028551203397825   0.039394399509225075 
 32.051911278905145    0.03961120461580001 
  32.07527135441246    0.03982620848635378 
  32.09863142991978    0.04003942740176055 
  32.12199150542709    0.04025087744108659 
   32.1453515809344    0.04046057433287902 
 32.168711656441715    0.04066853330935459 
  32.19207173194903    0.04087476896406897 
  32.21543180745635   0.041079295113671865 
  32.23879188296366    0.04128212466428489 
  32.26215195847098    0.04148326948306317 
  32.28551203397829    0.04168274027545519 
 32.308872109485606    0.04188054646867251 
  32.33223218499292    0.04207669610182121 
  32.35559226050023   0.042271195723176586 
  32.37895233600755    0.04246405029498684 
  32.40231241151487    0.04265526310622173 
  32.42567248702218    0.04284483569359528 
 32.449032562529496    0.04303276777120932 
  32.47239263803681    0.04321905716909552 
  32.49575271354412   0.043403699780897226 
  32.51911278905144   0.043586689520922796 
  32.54247286455875    0.04376801829073297 
  32.56583294006607    0.04394767595541105 
 32.589193015573386    0.04412565032960643 
   32.6125530910807    0.04430192717341672 
  32.63591316658801   0.044476490198131595 
 32.659273242095324   0.044649321081812715 
 32.682633317602644    0.04482039949466057 
  32.70599339310996   0.044989703134074306 
 32.729353468617276    0.04515720776926135 
  32.75271354412459    0.04532288729523959 
   32.7760736196319    0.04548671379601955 
 32.799433695139214    0.04564865761673247 
  32.82279377064653    0.04580868744440594 
  32.84615384615385   0.045966770397118856 
  32.86951392166116    0.04612287212116551 
  32.89287399716848    0.04627695689586417 
  32.91623407267579    0.04642898774563286 
 32.939594148183104    0.04657892655888322 
  32.96295422369042    0.04672673421330627 
  32.98631429919773   0.046872370707070087 
  33.00967437470505    0.04701579529543581 
  33.03303445021237    0.04715696663230176 
  33.05639452571968   0.047295842916123584 
 33.079754601226995   0.047432382039691634 
  33.10311467673431    0.04756654174321601 
  33.12647475224162    0.04769827977013855 
  33.14983482774894    0.04782755402512179 
  33.17319490325625    0.04795432273364959 
  33.19655497876357    0.04807854460262236 
 33.219915054270885    0.04820017898142556 
   33.2432751297782    0.04831918602285579 
  33.26663520528551   0.048435526843344776 
  33.28999528079282    0.04854916368192232 
  33.31335535630014   0.048660060057350144 
 33.336715431807455   0.048768180922881904 
 33.360075507314775    0.04887349281811624 
  33.38343558282209   0.048975964017419354 
   33.4067956583294    0.04907556467440809 
  33.43015573383671   0.049172266961997314 
 33.453515809344026   0.049266045207571066 
 33.476875884851346   0.049356876022776865 
  33.50023596035866    0.04944473842756246 
  33.52359603586598    0.04952961396803397 
  33.54695611137329    0.04961148682773947 
   33.5703161868806   0.049690343932049054 
 33.593676262387916    0.04976617504528383 
  33.61703633789523    0.04983897286031145 
  33.64039641340255    0.04990873308031941 
  33.66375648890987    0.04997545449253134 
  33.68711656441718    0.05003913903365503 
 33.710476639924494     0.0500997918468735 
 33.733836715431806    0.05015742133022978 
  33.75719679093912    0.05021203917628098 
  33.78055686644643    0.05026366040292815 
  33.80391694195375    0.05031230337535941 
  33.82727701746107    0.05035798981907775 
 33.850637092968384    0.05040074482400713 
   33.8739971684757    0.05044059683970402 
  33.89735724398301   0.050477577661735995 
  33.92071731949032    0.05051172240929914 
  33.94407739499764    0.05054306949420006 
 33.967437470504954   0.050571660581328344 
 33.990797546012274    0.05059754054079438 
  34.01415762151959    0.05062075739190356 
   34.0375176970269    0.05064136223920568 
  34.06087777253421    0.05065940920082562 
 34.084237848041525    0.05067495532934761 
 34.107597923548845   0.050688060525523534 
  34.13095799905616     0.0506987874451056 
  34.15431807456348    0.05070720139910238 
  34.17767815007079   0.050713370247792225 
   34.2010382255781    0.05071736428884299 
 34.224398301085415    0.05071925613987765 
  34.24775837659273   0.050719120615857205 
  34.27111845210005    0.05071703460166604 
  34.29447852760736    0.05071307692026549 
  34.31783860311468    0.05070732819681236 
  34.34119867862199      0.050699870719153 
 34.364558754129305   0.050690788295067304 
  34.38791882963662   0.050680166106679324 
  34.41127890514393    0.05066809056243426 
  34.43463898065125   0.050654649147040966 
  34.45799905615857   0.050639930269781364 
  34.48135913166588    0.05062402311158211 
 34.504719207173196    0.05060701747124295 
  34.52807928268051    0.05058900361120084 
  34.55143935818782    0.05057007210321278 
  34.57479943369514   0.050550313674335434 
  34.59815950920245    0.05052981905354785 
  34.62151958470977   0.050508678819381786 
 34.644879660217086   0.050486983248895986 
   34.6682397357244    0.05046482216831487 
  34.69159981123171   0.050442284805674684 
 34.714959886739024     0.0504194596457424 
 34.738319962246344    0.05039643428753374 
 34.761680037753656    0.05037329530467348 
 34.785040113260976     0.0503501281088948 
  34.80840018876829     0.0503270168168889 
   34.8317602642756    0.05030404412076095 
 34.855120339782914   0.050281291162296966 
  34.87848041529023   0.050258837411243804 
  34.90184049079755   0.050236760547794246 
  34.92520056630486    0.05021513634943815 
  34.94856064181218   0.050194038582340963 
  34.97192071731949    0.05017353889738726 
 34.995280792826804     0.0501537067310214 
  35.01864086833412    0.05013460921097286 
  35.04200094384143   0.050116311067001436 
  35.06536101934875   0.050098874546716424 
  35.08872109485607    0.05008235933654354 
  35.11208117036338    0.05006682248790695 
 35.135441245870695    0.05005231834866891 
  35.15880132137801   0.050038898499846426 
  35.18216139688532   0.050026611697654814 
  35.20552147239263    0.05001550382085753 
  35.22888154789995    0.05000561782344808 
  35.25224162340727    0.04999699369264684 
 35.275601698914585    0.04998966841219764 
   35.2989617744219    0.04998367593092813 
  35.32232184992921     0.0499790471365737 
  35.34568192543652   0.049975809834775446 
  35.36904200094384    0.04997398873325063 
 35.392402076451155   0.049973605431066194 
 35.415762151958475   0.049974678412943244 
  35.43912222746579    0.04997722304855464 
   35.4624823029731    0.04998125159672848 
  35.48584237848041    0.04998677321449182 
 35.509202453987726    0.04999379397088769 
 35.532562529495046    0.05000231686546158 
  35.55592260500236     0.0500123418513584 
  35.57928268050968    0.05002386586293825 
  35.60264275601699   0.050036882847807815 
   35.6260028315243    0.05005138380319789 
 35.649362907031616    0.05006735681657903 
  35.67272298253893    0.05008478711041679 
  35.69608305804625    0.05010365709099268 
  35.71944313355356   0.050123946401152586 
  35.74280320906088    0.05014563197691614 
 35.766163284568194    0.05016868810782747 
 35.789523360075506    0.05019308650093741 
  35.81288343558282    0.05021879634831574 
  35.83624351109013    0.05024578439799363 
  35.85960358659745    0.05027401502819686 
  35.88296366210477    0.05030345032478422 
 35.906323737612084    0.05033405016175893 
   35.9296838131194    0.05036577228474318 
  35.95304388862671     0.0503985723972804 
  35.97640396413402    0.05043240424986273 
  35.99976403964134   0.050467219731533466 
 36.023124115148654    0.05050296896396079 
 36.046484190655974    0.05053960039783139 
  36.06984426616329    0.05057706091143809 
   36.0932043416706    0.05061529591131346 
  36.11656441717791    0.05065424943480333 
 36.139924492685225    0.05069386425438249 
 36.163284568192545    0.05073408198361263 
  36.18664464369986    0.05077484318457874 
  36.21000471920718    0.05081608747664089 
  36.23336479471449    0.05085775364636404 
   36.2567248702218    0.05089977975846347 
 36.280084945729115    0.05094210326759919 
  36.30344502123643    0.05098466113086861 
  36.32680509674375    0.05102738992082889 
  36.35016517225106    0.05107022593887667 
  36.37352524775838    0.05111310532883519 
  36.39688532326569    0.05115596419056115 
 36.420245398773005    0.05119873869341825 
  36.44360547428032    0.05124136518942396 
  36.46696554978763   0.051283780325935086 
  36.49032562529495    0.05132592115765648 
  36.51368570080227    0.05136772525784556 
  36.53704577630958    0.05140913082850366 
 36.560405851816896    0.05145007680941887 
  36.58376592732421    0.05149050298585386 
  36.60712600283152   0.051530350094769174 
  36.63048607833884    0.05156955992934088 
  36.65384615384615   0.051608075441692665 
  36.67720622935347    0.05164584084361482 
 36.700566304860786    0.05168280170515939 
   36.7239263803681    0.05171890505093934 
  36.74728645587541    0.05175409945399018 
 36.770646531382724    0.05178833512703974 
  36.79400660689004    0.05182156401106785 
 36.817366682397356    0.05185373986100595 
 36.840726757904676    0.05188481832844168 
  36.86408683341199    0.05191475704122897 
   36.8874469089193    0.05194351567986531 
 36.910806984426614   0.051971056050522595 
  36.93416705993393     0.0519973421546547 
  36.95752713544125   0.052022340255041405 
  36.98088721094856    0.05204601893821005 
  37.00424728645588     0.0520683491731332 
  37.02760736196319    0.05208930436611636 
 37.050967437470504    0.05210886041182995 
  37.07432751297782   0.052126995740383944 
  37.09768758848513    0.05214369136041427 
  37.12104766399245   0.052158930898120445 
  37.14440773949977    0.05217270063219161 
  37.16776781500708     0.0521849895246221 
 37.191127890514394   0.052195789247334506 
  37.21448796602171    0.05220509420463213 
  37.23784804152902    0.05221290155142349 
  37.26120811703633    0.05221921120722898 
  37.28456819254365    0.05222402586596463 
  37.30792826805097    0.05222735100147898 
 37.331288343558285   0.052229194868873806 
   37.3546484190656    0.05222956850161569 
  37.37800849457291    0.05222848570443928 
  37.40136857008022    0.05222596304208359 
  37.42472864558754     0.0522220198238811 
 37.448088721094855    0.05221667808423547 
 37.471448796602175   0.052209962559016304 
  37.49480887210949   0.052201900657934085 
   37.5181689476168    0.05219252243292362 
  37.54152902312411    0.05218186054259644 
 37.564889098631426    0.05216995021282938 
 37.588249174138745     0.0521568291935215 
  37.61160924964606    0.05214253771162776 
  37.63496932515338    0.05212711842050799 
  37.65832940066069   0.052110616345662907 
    37.681689476168   0.052093078826968155 
 37.705049551675316    0.05207455545746382 
  37.72840962718263   0.052055098018775246 
  37.75176970268995    0.05203476041330121 
  37.77512977819726    0.05201359859320921 
  37.79848985370458   0.051991670486382244 
  37.82184992921189   0.051969035919392705 
 37.845210004719206    0.05194575653762166 
  37.86857008022652    0.05192189572262791 
  37.89193015573383    0.05189751850690532 
  37.91529023124115    0.05187269148609905 
  37.93865030674847    0.05184748272885743 
 37.962010382255784    0.05182196168441501 
 37.985370457763096    0.05179619908804377 
  38.00873053327041   0.051770266864509105 
  38.03209060877772    0.05174423802968056 
  38.05545068428504    0.05171818659041055 
 38.078810759792354   0.051692187442869374 
 38.102170835299674    0.05166631626945136 
  38.12553091080699   0.051640649434420746 
   38.1488909863143    0.05161526387845733 
  38.17225106182161   0.051590237012267295 
 38.195611137328925    0.05156564660940179 
 38.218971212836244    0.05154157069847389 
  38.24233128834356    0.05151808745494463 
  38.26569136385088   0.051495275092628814 
  38.28905143935819    0.05147321175511435 
   38.3124115148655   0.051451975407280935 
 38.335771590372815    0.05143164372706256 
  38.35913166588013    0.05141229399767961 
  38.38249174138745   0.051394003000491996 
  38.40585181689476   0.051376846908661344 
  38.42921189240208    0.05136090118181391 
  38.45257196790939   0.051346240461881534 
 38.475932043416705    0.05133293847030187 
  38.49929211892402    0.05132106790676735 
  38.52265219443133    0.05131070034969149 
  38.54601226993865    0.05130190615857313 
  38.56937234544597    0.05129475437845254 
  38.59273242095328    0.05128931264660467 
 38.616092496460595    0.05128564710165026 
  38.63945257196791   0.051283822295267324 
  38.66281264747522    0.05128390110662573 
  38.68617272298254    0.05128594465973954 
  38.70953279848985   0.051290012243869816 
  38.73289287399717   0.051296161237105314 
 38.756252949504486    0.05130444703330891 
   38.7796130250118    0.05131492297248783 
  38.80297310051911   0.051327640274781906 
 38.826333176026424    0.05134264797813906 
  38.84969325153374    0.05135999287980185 
 38.873053327041056    0.05137971948169743 
 38.896413402548376   0.051401869939830314 
  38.91977347805569    0.05142648401773506 
    38.943133553563    0.05145359904408266 
 38.966493629070314    0.05148324987449622 
  38.98985370457763    0.05151546885759317 
 39.013213780084946    0.05155028580534522 
  39.03657385559226    0.05158772796773633 
  39.05993393109958   0.051627820011769354 
  39.08329400660689    0.05167058400479522 
 39.106654082114204    0.05171603940219237 
  39.13001415762152    0.05176420303935879 
  39.15337423312883    0.05181508912799842 
  39.17673430863615    0.05186870925665389 
  39.20009438414347    0.05192507239545038 
  39.22345445965078    0.05198418490498089 
 39.246814535158094    0.05204605054927369 
  39.27017461066541    0.05211067051274075 
  39.29353468617272    0.05217804342104741 
  39.31689476168003    0.05224816536577977 
  39.34025483718735   0.052321029932802764 
  39.36361491269467   0.052396628234206835 
 39.386974988201985    0.05247494894370855 
   39.4103350637093   0.052555978335355684 
  39.43369513921661      0.052639700325424 
  39.45705521472392   0.052726096517331726 
  39.48041529023124    0.05281514624943224 
 39.503775365738555    0.05290682664552078 
 39.527135441245875    0.05300111266787071 
  39.55049551675319   0.053097977172664915 
   39.5738555922605    0.05319739096760296 
  39.59721566776781    0.05329932287154649 
 39.620575743275126     0.0534037397759844 
 39.643935818782445    0.05351060670816139 
  39.66729589428976    0.05361988689566232 
  39.69065596979708     0.0537315418322852 
  39.71401604530439     0.0538455313450025 
   39.7373761208117    0.05396181366181799 
 39.760736196319016   0.054080345480357735 
  39.78409627182633    0.05420108203697465 
  39.80745634733365    0.05432397717622519 
  39.83081642284096    0.05444898342049699 
  39.85417649834828   0.054576052039655036 
  39.87753657385559    0.05470513312048756 
 39.900896649362906     0.0548361756358215 
  39.92425672487022    0.05496912751313348 
  39.94761680037753    0.05510393570249227 
  39.97097687588485    0.05524054624369086 
  39.99433695139217    0.05537890433242929 
 40.017697026899484   0.055518954385387176 
 40.041057102406796    0.05566064010410411 
  40.06441717791411    0.05580390453749456 
  40.08777725342142    0.05594869014292497 
  40.11113732892874    0.05609493884573313 
 40.134497404436054     0.0562425920970898 
 40.157857479943374      0.056391590930142 
  40.18121755545069    0.05654187601433829 
    40.204577630958    0.05669338770787791 
  40.22793770646531     0.0568460661082448 
 40.251297781972625    0.05699985110076282 
 40.274657857479944     0.0571546824051314 
  40.29801793298726   0.057310499619958176 
  40.32137800849458    0.05746724226521854 
  40.34473808400189    0.05762484982268711 
   40.3680981595092    0.05778326177431294 
 40.391458235016515   0.057942417638579866 
  40.41481831052383   0.058102257004862434 
  40.43817838603115    0.05826271956582155 
  40.46153846153846    0.05842374514787487 
  40.48489853704578    0.05858527373981836 
  40.50825861255309    0.05874724551962706 
 40.531618688060405   0.058909600879555615 
  40.55497876356772     0.0590722804495522 
  40.57833883907503    0.05923522511914383 
  40.60169891458235    0.05939837605782063 
  40.62505899008967    0.05956167473408537 
  40.64841906559698    0.05972506293319691 
 40.671779141104295   0.059888482773792245 
  40.69513921661161    0.06005187672345523 
  40.71849929211892    0.06021518761336501 
  40.74185936762624    0.06037835865214529 
  40.76521944313355    0.06054133343904596 
  40.78857951864087    0.06070405597656776 
 40.811939594148186    0.06086647068267694 
   40.8352996696555    0.06102852240270714 
  40.85865974516281    0.06119015642111604 
  40.88201982067012    0.06135131847318609 
  40.90537989617744    0.06151195475680865 
 40.928739971684756   0.061672011944468516 
 40.952100047192076    0.06183143719555185 
  40.97546012269939   0.061990178169069085 
   40.9988201982067    0.06214818303694106 
 41.022180273714014    0.06230540049789357 
 41.045540349221326   0.062461779792105966 
 41.068900424728646    0.06261727071666918 
  41.09226050023596    0.06277182364196054 
  41.11562057574328    0.06292538952896859 
  41.13898065125059    0.06307791994768137 
 41.162340726757904    0.06322936709653346 
  41.18570080226522    0.06337968382302864 
  41.20906087777253    0.06352882364548701 
  41.23242095327985    0.06367674077602055 
  41.25578102878717    0.06382339014469099 
  41.27914110429448    0.06396872742489228 
 41.302501179801794    0.06411270905991892 
  41.32586125530911    0.06425529229071722 
  41.34922133081642    0.06439643518479898 
  41.37258140632373    0.06453609666623399 
  41.39594148183105    0.06467423654671756 
  41.41930155733837    0.06481081555762049 
 41.442661632845684    0.06494579538295549 
    41.466021708353    0.06507913869315703 
  41.48938178386031    0.06521080917962441 
  41.51274185936762    0.06534077158987002 
  41.53610193487494    0.06546899176319505 
 41.559462010382255    0.06559543666676115 
 41.582822085889575    0.06572007443191787 
  41.60618216139689    0.06584287439066712 
   41.6295422369042    0.06596380711210553 
  41.65290231241151    0.06608284443869235 
 41.676262387918825    0.06619995952221953 
 41.699622463426145    0.06631512685926624 
  41.72298253893346    0.06642832232603157 
  41.74634261444078     0.0665395232123488 
  41.76970268994809    0.06664870825471854 
   41.7930627654554     0.0667558576681932 
 41.816422840962716     0.0668609531769478 
  41.83978291647003     0.0669639780433497 
  41.86314299197735    0.06706491709539938 
  41.88650306748466    0.06716375675231989 
  41.90986314299198    0.06726048504819802 
  41.93322321849929    0.06735509165346093 
 41.956583294006606    0.06744756789408238 
  41.97994336951392     0.0675379067683363 
  42.00330344502124    0.06762610296098405 
  42.02666352052855    0.06771215285474697 
 42.050023596035864    0.06779605453894634 
  42.07338367154318    0.06787780781517896 
 42.096743747050496    0.06795741419996065 
  42.12010382255781    0.06803487692417833 
  42.14346389806512    0.06811020092932075 
  42.16682397357244    0.06818339286038266 
 42.190184049079754    0.06825446105537294 
  42.21354412458707    0.06832341553139037 
 42.236904200094386    0.06839026796720625 
   42.2602642756017    0.06845503168233037 
  42.28362435110901    0.06851772161254766 
  42.30698442661633    0.06857835428190498 
 42.330344502123644    0.06863694777115416 
  42.35370457763096    0.06869352168268437 
  42.37706465313827    0.06874809710195066 
  42.40042472864559    0.06880069655545504 
   42.4237848041529     0.0688513439653252 
 42.447144879660215    0.06890006460054951 
 42.470504955167534    0.06894688502495744 
  42.49386503067485    0.06899183304202146 
  42.51722510618216    0.06903493763656322 
  42.54058518168948    0.06907622891349784 
  42.56394525719679    0.06911573803371314 
 42.587305332704105     0.0691534971471929 
  42.61066540821142    0.06918953932355336 
  42.63402548371874    0.06922389848010616 
  42.65738555922605    0.06925660930759063 
  42.68074563473336    0.06928770719374837 
  42.70410571024068    0.06931722814489168 
 42.727465785747995    0.06934520870561478 
  42.75082586125531    0.06937168587685519 
  42.77418593676262     0.0693966970324253 
  42.79754601226994    0.06942027983424777 
  42.82090608777725    0.06944247214642056 
 42.844266163284566    0.06946331194834883 
 42.867626238791885    0.06948283724707492 
   42.8909863142992    0.06950108598902395 
  42.91434638980651    0.06951809597132944 
  42.93770646531383    0.06953390475294688 
  42.96106654082114    0.06954854956570791 
 42.984426616328456    0.06956206722552163 
  43.00778669183577     0.0695744940438881 
  43.03114676734309      0.069585865739904 
   43.0545068428504     0.0695962173529482 
 43.077866918357714    0.06960558315617853 
  43.10122699386503     0.0696139965710714 
 43.124587069372346    0.06962149008309493 
  43.14794714487966    0.06962809515871914 
  43.17130722038697    0.06963384216391279 
  43.19466729589429    0.06963876028425724 
 43.218027371401604    0.06964287744682224 
  43.24138744690892    0.06964622024396765 
 43.264747522416236    0.06964881385915463 
  43.28810759792355    0.06965068199492863 
  43.31146767343086    0.06965184680319819 
  43.33482774893818    0.06965232881786786 
 43.358187824445494    0.06965214688999853 
  43.38154789995281    0.06965131812554805 
  43.40490797546012    0.06964985782581035 
  43.42826805096744    0.06964777943062136 
  43.45162812647475    0.06964509446442371 
 43.474988201982065    0.06964181248525843 
 43.498348277489384    0.06963794103676589 
   43.5217083529967     0.0696334856032197 
  43.54506842850401    0.06962844956770042 
  43.56842850401133    0.06962283417341567 
  43.59178857951864    0.06961663848822928 
 43.615148655025955    0.06960985937244053 
  43.63850873053327    0.06960249144983181 
  43.66186880604059     0.0695945270820285 
   43.6852288815479    0.06958595634618274 
  43.70858895705521    0.06957676701599724 
  43.73194903256253    0.06956694454611588 
 43.755309108069845    0.06955647205987095 
  43.77866918357716    0.06954533034041542 
  43.80202925908447    0.06953349782521688 
  43.82538933459179    0.06952095060392074 
   43.8487494100991     0.0695076624195913 
 43.872109485606416    0.06949360467330086 
 43.895469561113735    0.06947874643205522 
  43.91882963662105    0.06946305444007647 
  43.94218971212836    0.06944649313336955 
  43.96554978763568     0.0694290246576056 
  43.98890986314299    0.06941060888928324 
 44.012269938650306    0.06939120346013364 
  44.03563001415762    0.06937076378476793 
  44.05899008966494    0.06934924309153746 
  44.08235016517225    0.06932659245656445 
 44.105710240679564    0.06930276084094532 
  44.12907031618688    0.06927769513108711 
 44.152430391694196    0.06925134018213694 
  44.17579046720151    0.06922363886451494 
  44.19915054270882    0.06919453211346734 
  44.22251061821614     0.0691639589816832 
 44.245870693723454    0.06913185669487197 
  44.26923076923077    0.06909816071034827 
 44.292590844738086    0.06906280477852497 
   44.3159509202454    0.06902572100735037 
  44.33931099575271    0.06898683992961967 
  44.36267107126003    0.06894609057314421 
 44.386031146767344    0.06890340053377059 
  44.40939122227466    0.06885869605118271 
  44.43275129778197    0.06881190208749416 
  44.45611137328929     0.0687629424085677 
   44.4794714487966     0.0687117396680794 
 44.502831524303915    0.06865821549423386 
 44.526191599811234     0.0686022905791413 
  44.54955167531855     0.0685438847708161 
  44.57291175082586    0.06848291716773462 
  44.59627182633318    0.06841930621594029 
  44.61963190184049    0.06835296980864437 
 44.642991977347805    0.06828382538826834 
  44.66635205285512    0.06821179005088931 
  44.68971212836244    0.06813678065303046 
  44.71307220386975    0.06805871392074227 
  44.73643227937706     0.0679775065609076 
  44.75979235488438    0.06789307537470145 
 44.783152430391695    0.06780533737315332 
  44.80651250589901    0.06771420989469275 
  44.82987258140632    0.06761961072463363 
  44.85323265691364    0.06752145821647548 
  44.87659273242095    0.06741967141494173 
 44.899952807928265    0.06731417018062938 
 44.923312883435585    0.06720487531616126 
   44.9466729589429    0.06709170869373314 
  44.97003303445021    0.06697459338388025 
  44.99339310995753    0.06685345378537204 
  45.01675318546484    0.06672821575603839 
 45.040113260972156    0.06659880674439154 
  45.06347333647947    0.06646515592187129 
  45.08683341198679    0.06632719431550843 
   45.1101934874941    0.06618485494085155 
  45.13355356300141     0.0660380729349216 
  45.15691363850873    0.06588678568899524 
 45.180273714016046     0.0657309329810044 
  45.20363378952336    0.06557045710730931 
  45.22699386503067    0.06540530301358925 
  45.25035394053799     0.0652354184246412 
 45.273714016045304    0.06506075397278718 
 45.297074091552616     0.0648812633246183 
 45.320434167059936    0.06469690330585307 
  45.34379424256725    0.06450763402395093 
  45.36715431807456    0.06431341898824293 
  45.39051439358188    0.06411422522726096 
 45.413874469089194    0.06391002340295683 
  45.43723454459651    0.06370078792151614 
  45.46059462010382    0.06348649704044187 
  45.48395469561114    0.06326713297159407 
  45.50731477111845    0.06304268197988826 
 45.530674846625764    0.06281313447727944 
 45.554034922133084    0.06257848511178708 
   45.5773949976404     0.0623387328511742 
  45.60075507314771    0.06209388106101664 
  45.62411514865503     0.0618439375768095 
  45.64747522416234    0.06158891476984358 
 45.670835299669655    0.06132882960651828 
  45.69419537517697    0.06106370370081402 
  45.71755545068429     0.0607935633596329 
   45.7409155261916    0.06051843962075506 
  45.76427560169891    0.06023836828310596 
  45.78763567720623   0.059953389929121595 
 45.810995752713545    0.05966354993897608 
  45.83435582822086    0.05936889849641782 
  45.85771590372817   0.059069490586052584 
  45.88107597923549   0.058765385981856454 
   45.9044360547428    0.05845664922678392 
 45.927796130250115   0.058143349603289644 
 45.951156205757435    0.05782556109467656 
  45.97451628126475    0.05750336233714697 
  45.99787635677206   0.057176836562484526 
  46.02123643227938    0.05684607153132266 
  46.04459650778669     0.0565111594569673 
 46.067956583294006   0.056172196919772724 
  46.09131665880132     0.0558292847720892 
  46.11467673430864    0.05548252803387029 
  46.13803680981595    0.05513203577897494 
  46.16139688532326    0.05477792101231002 
  46.18475696083058    0.05442030053794389 
 46.208117036337896     0.0540592948183483 
  46.23147711184521    0.05369502782499149 
  46.25483718735252    0.05332762688047615 
  46.27819726285984    0.05295722249251455 
 46.301557338367154   0.052583948179987745 
 46.324917413874466   0.052207940291432296 
 46.348277489381786   0.051829337816280824 
   46.3716375648891   0.051448282189217834 
  46.39499764039641    0.05106491708805215 
  46.41835771590373   0.050679388225527734 
 46.441717791411044   0.050291843135505034 
  46.46507786691836   0.049902430953984285 
  46.48843794242567    0.04951130219546172 
  46.51179801793299    0.04911860852512055 
   46.5351580934403    0.04872450252739061 
 46.558518168947614    0.04832913747142686 
 46.581878244454934    0.04793266707404385 
  46.60523831996225   0.047535245260724966 
  46.62859839546956    0.04713702592525686 
  46.65195847097687    0.04673816268860441 
  46.67531854648419    0.04633880865764441 
 46.698678621991505   0.045939116184355956 
  46.72203869749882   0.045539236626101674 
  46.74539877300614    0.04513932010762024 
  46.76875884851345    0.04473951528535202 
  46.79211892402076   0.044339969114721746 
  46.81547899952808    0.04394082662100616 
 46.838839075035395    0.04354223067438934 
  46.86219915054271    0.04314432176981385 
  46.88555922605002    0.04274723781223818 
  46.90891930155734   0.042351113907862226 
  46.93227937706465    0.04195608216191065 
 46.955639452571965   0.041562271483508134 
 46.978999528079285   0.041169807398211654 
   47.0023596035866    0.04077881186867375 
  47.02571967909391   0.040389403123965245 
  47.04907975460123    0.04000169549800735 
  47.07243983010854    0.03961579927755432 
 47.095799905615856    0.03923182056015409 
  47.11915998112317    0.03884986112245631 
  47.14252005663049    0.03847001829923141 
   47.1658801321378    0.03809238487342078 
  47.18924020764511    0.03771704897750281 
  47.21260028315243    0.03734409400643531 
 47.235960358659746    0.03697359854238393 
  47.25932043416706   0.036605636291420385 
  47.28268050967437    0.03624027603233958 
  47.30604058518169    0.03587758157769076 
 47.329400660689004    0.03551761174709908 
 47.352760736196316    0.03516042035289496 
 47.376120811703636    0.03480605619804902 
  47.39948088721095    0.03445456308635715 
  47.42284096271826    0.03410597984478424 
  47.44620103822558   0.033760340357841735 
 47.469561113732894    0.03341767361382789 
  47.49292118924021    0.03307800376271767 
  47.51628126474752    0.03274135018548586 
  47.53964134025484    0.03240772757454829 
  47.56300141576215     0.0320771460250326 
 47.586361491269464    0.03174961113651851 
 47.609721566776784    0.03142512412486774 
   47.6330816422841   0.031103681943732815 
  47.65644171779141    0.03078527741529561 
  47.67980179329872   0.030469899369765917 
  47.70316186880604   0.030157532793148846 
 47.726521944313355   0.029848158982742044 
  47.74988201982067   0.029541755709834475 
  47.77324209532799    0.02923829738902647 
   47.7966021708353   0.028937755253596494 
  47.81996224634261   0.028640097536305156 
  47.84332232184993    0.02834528965502759 
 47.866682397357245   0.028053294402585808 
  47.89004247286456   0.027764072140142697 
  47.91340254837187   0.027477580993521822 
  47.93676262387919   0.027193777051798325 
   47.9601226993865   0.026912614567524622 
 47.983482774893815    0.02663404615792353 
 48.006842850401135   0.026358023006431388 
  48.03020292590845   0.026084495063926814 
  48.05356300141576    0.02581341124903213 
  48.07692307692308    0.02554471964685911 
  48.10028315243039   0.025278367705588917 
 48.123643227937706   0.025014302430305807 
  48.14700330344502   0.024752470573494754 
  48.17036337895234   0.024492818821653634 
  48.19372345445965   0.024235293977486694 
  48.21708352996696   0.023979843137158514 
  48.24044360547428   0.023726413862137218 
 48.263803680981596    0.02347495434514001 
  48.28716375648891     0.0232254135697793 
  48.31052383199622   0.022977741463478855 
  48.33388390750354   0.022731889043302957 
 48.357243983010854   0.022487808554352826 
 48.380604058518166   0.022245453600417294 
 48.403964134025486   0.022004779266610625 
   48.4273242095328   0.021765742233751037 
  48.45068428504011    0.02152830088427219 
  48.47404436054743   0.021292415399501188 
 48.497404436054744   0.021058047848165822 
  48.52076451156206   0.020825162266022115 
  48.54412458706937    0.02059372472654688 
  48.56748466257669   0.020363703402656315 
    48.590844738084   0.020135068619456332 
 48.614204813591314   0.019907792898055922 
 48.637564889098634    0.01968185099052193 
  48.66092496460595    0.01945721990606577 
  48.68428504011326   0.019233878928597962 
  48.70764511562057    0.01901180962581658 
  48.73100519112789   0.018790995850013478 
 48.754365266635205     0.0185714237308149 
  48.77772534214252   0.018353081660107677 
  48.80108541764984   0.018135960269405723 
  48.82444549315715    0.01792005239996063 
  48.84780556866446   0.017705353065911308 
  48.87116564417178    0.01749185941081251 
 48.894525719679095    0.01727957065788441 
  48.91788579518641   0.017068488054341847 
  48.94124587069372   0.016858614810182006 
  48.96460594620104   0.016649956031812015 
  48.98796602170835    0.01644251865091072 
 49.011326097215665   0.016236311348930405 
 49.034686172722985    0.01603134447764077 
   49.0580462482303   0.015827629976128323 
  49.08140632373761    0.01562518128465887 
  49.10476639924493   0.015424013255820672 
  49.12812647475224   0.015224142063348784 
 49.151486550259555   0.015025585109042785 
  49.17484662576687   0.014828360928169674 
  49.19820670127419   0.014632489093747337 
   49.2215667767815   0.014437990120089443 
  49.24492685228881   0.014244885365980222 
  49.26828692779613   0.014053196937844466 
 49.291647003303446   0.013862947593251195 
  49.31500707881076   0.013674160645090161 
  49.33836715431807   0.013486859866728266 
  49.36172722982539   0.013301069398455882 
   49.3850873053327   0.013116813655495746 
 49.408447380840016   0.012934117237844673 
 49.431807456347336   0.012753004842187589 
  49.45516753185465   0.012573501176118301 
  49.47852760736196   0.012395630874864021 
  49.50188768286928   0.012219418420706028 
 49.525247758376594   0.012044888065263666 
 49.548607833883906   0.011872063754782284 
  49.57196790939122   0.011700969058560015 
  49.59532798489854   0.011531627100611865 
  49.61868806040585    0.01136406049466635 
 49.642048135913164    0.01119829128255609 
 49.665408211420484   0.011034340876058422 
   49.6887682869278   0.010872230002211894 
  49.71212836243511    0.01071197865212894 
  49.73548843794242   0.010553606033297648 
  49.75884851344974    0.01039713052535944 
 49.782208588957054   0.010242569639325029 
  49.80556866446437   0.010089939980188553 
  49.82892873997169   0.009939257212873528 
    49.852288815479   0.009790536031444155 
  49.87564889098631   0.009643790131498353 
  49.89900896649363   0.009499032185649695 
 49.922369042000945   0.009356273821999179 
  49.94572911750826   0.009215525605487556 
  49.96908919301557   0.009076797022014473 
  49.99244926852289   0.008940096465204371 
   50.0158093440302   0.008805431225695758 
 50.039169419537515   0.008672807482825284 
 50.062529495044835   0.008542230298580556 
  50.08588957055215     0.0084137036136885 
  50.10924964605946   0.008287230245711808 
  50.13260972156678   0.008162811889023633 
  50.15596979707409    0.00804044911653306 
 50.179329872581405   0.007920141383037847 
  50.20268994808872   0.007801887030083831 
  50.22605002359604  0.0076856832922134665 
  50.24941009910335   0.007571526304493408 
  50.27277017461066   0.007459411111213956 
  50.29613025011798   0.007349331675661261 
 50.319490325625296    0.00724128089086955 
  50.34285040113261   0.007135250591264917 
  50.36621047663992  0.0070312315651244895 
  50.38957055214724   0.006929213567776924 
  50.41293062765455   0.006829185335481861 
 50.436290703161866   0.006731134599931695 
 50.459650778669186   0.006635048103327014 
   50.4830108541765   0.006540911613985266 
  50.50637092968381   0.006448709942450727 
  50.52973100519113  0.0063584269580783245 
 50.553091080698444   0.006270045606074543 
 50.576451156205756  0.0061835479249833705 
  50.59981123171307   0.006098915064612877 
  50.62317130722039   0.006016127304402661 
   50.6465313827277  0.0059351640722410115 
 50.669891458235014   0.005856003963741959 
 50.693251533742334   0.005778624762000474 
  50.71661160924965    0.00570300345784647 
  50.73997168475696   0.005629116270621451 
  50.76333176026427   0.005556938669506353 
  50.78669183577159   0.005486445395428849 
 50.810051911278904  0.0054176104835827535 
  50.83341198678622   0.005350407286590658 
  50.85677206229354   0.005284808498342945 
  50.88013213780085   0.005220786178545372 
  50.90349221330816   0.005158311778006031 
  50.92685228881548   0.005097356164691951 
 50.950212364322795  0.0050378896505829645 
  50.97357243983011   0.004979882019346228 
  50.99693251533742   0.004923302554854743 
  51.02029259084474  0.0048681200705655275 
  51.04365266635205   0.004814302939772394 
 51.067012741859365   0.004761819126739859 
 51.090372817366685   0.004710636218723059 
    51.113732892874   0.004660721458870466 
  51.13709296838131   0.004612041780001025 
  51.16045304388863   0.004564563839241881 
  51.18381311939594   0.004518254053505473 
 51.207173194903255   0.004473078635779081 
  51.23053327041057   0.004429003632192237 
  51.25389334591789   0.004385994959822136 
   51.2772534214252   0.004344018445189429 
  51.30061349693251  0.0043030398633896235 
  51.32397357243983   0.004263024977800712 
 51.347333647947146   0.004223939580298945 
  51.37069372345446   0.004185749531910345 
  51.39405379896177   0.004148420803817523 
  51.41741387446909   0.004111919518638414 
   51.4407739499764   0.004076211991885519 
 51.464134025483716  0.0040412647735105795 
 51.487494100991036   0.004007044689435584 
  51.51085417649835   0.003973518882965291 
  51.53421425200566   0.003940654855974701 
  51.55757432751298   0.003908420509760621 
 51.580934403020294   0.003876784185443718 
 51.604294478527606  0.0038457147038071775 
  51.62765455403492   0.003815181404454536 
  51.65101462954224  0.0037851541841701416 
  51.67437470504955  0.0037556035343647197 
 51.697734780556864   0.003726500577488858 
 51.721094856064184  0.0036978171022991834 
   51.7444549315715  0.0036695255978626317 
  51.76781500707881   0.003641599286187172 
  51.79117508258612  0.0036140121533700547 
  51.81453515809344  0.0035867389791578537 
 51.837895233600754  0.0035597553648178864 
  51.86125530910807  0.0035330377592228904 
  51.88461538461539  0.0035065634830587496 
   51.9079754601227    0.00348031075106849 
  51.93133553563001  0.0034542586922532994 
  51.95469561113733   0.003428387367957302 
 51.978055686644645  0.0034026777877699923 
  52.00141576215196  0.0033771119231872718 
  52.02477583765927    0.00335167271898113 
  52.04813591316659   0.003326344102233357 
   52.0714959886739  0.0033011109890002765 
 52.094856064181215   0.003275959288580879 
 52.118216139688535  0.0032508759053720207 
  52.14157621519585     0.0032258487383009 
  52.16493629070316  0.0032008666778357265 
  52.18829636621048  0.0031759196005829967 
  52.21165644171779  0.0031509983614898163 
 52.235016517225105   0.003126094783677553 
  52.25837659273242  0.0031012016459428518 
  52.28173666823974   0.003076312667969643 
  52.30509674374705  0.0030514224933051587 
  52.32845681925436   0.003026526670160064 
  52.35181689476168    0.00300162163010259 
 52.375176970268996  0.0029767046647215475 
  52.39853704577631  0.0029517739003432843 
  52.42189712128362   0.002926828270892376 
  52.44525719679094  0.0029018674889934883 
  52.46861727229825  0.0028768920154182637 
 52.491977347805566   0.002851903026985279 
 52.515337423312886  0.0028269023830285356 
   52.5386974988202   0.002801892590552574 
  52.56205757432751  0.0027768767681977126 
  52.58541764983483  0.0027518586091426858 
 52.608777725342144   0.002726842343074067 
 52.632137800849456   0.002701832697355881 
  52.65549787635677   0.002676834857533207 
  52.67885795186409   0.002651854427306941 
   52.7022180273714  0.0026268973881160935 
 52.725578102878714    0.00260197005846551 
 52.748938178386034   0.002577079053135902 
  52.77229825389335  0.0025522312424133132 
  52.79565832940066   0.002527433711472635 
  52.81901840490797   0.002502693720049092 
  52.84237848041529   0.002478018662528667 
 52.865738555922604   0.002453416028585619 
  52.88909863142992  0.0024288933644924437 
  52.91245870693724  0.0024044582352230376 
  52.93581878244455   0.002380118187466718 
  52.95917885795186  0.0023558807136646646 
  52.98253893345918   0.002331753217177021 
 53.005899008966495   0.002307742978682146 
  53.02925908447381   0.002283857123904379 
  53.05261915998112  0.0022601025927607077 
  53.07597923548844  0.0022364861100101804 
  53.09933931099575  0.0022130141574834535 
 53.122699386503065  0.0021896929479632045 
 53.146059462010385   0.002166528400778801 
   53.1694195375177  0.0021435261191719533 
  53.19277961302501  0.0021206913694824968 
  53.21613968853233  0.0020980290621961085 
  53.23949976403964  0.0020755437348886725 
 53.262859839546955   0.002053239537094067 
  53.28621991505427   0.002031120217114845 
  53.30957999056159  0.0020091891107885816 
   53.3329400660689  0.0019874491322135813 
  53.35630014157621    0.00196590276643241 
  53.37966021708353   0.001944552064062977 
 53.403020292590845  0.0019233986378605602 
  53.42638036809816  0.0019024436611871417 
  53.44974044360547   0.001881687868357822 
  53.47310051911279   0.001861131556827335 
   53.4964605946201   0.001840774591173796 
 53.519820670127416  0.0018206164088307281 
 53.543180745634736  0.0018006560275123768 
  53.56654082114205  0.0017808920542726101 
  53.58990089664936  0.0017613226961316968 
  53.61326097215668  0.0017419457722013297 
  53.63662104766399  0.0017227587272333692 
 53.659981123171306  0.0017037586465135674 
  53.68334119867862  0.0016849422720181858 
  53.70670127418594  0.0016663060197479544 
  53.73006134969325  0.0016478459981505188 
 53.753421425200564  0.0016295580275403339 
 53.776781500707884  0.0016114376604225778 
 53.800141576215196  0.0015934802026258312 
  53.82350165172251  0.0015756807351466691 
  53.84686172722982  0.0015580341366087814 
  53.87022180273714   0.001540535106237906 
 53.893581878244454  0.0015231781872542126 
  53.91694195375177  0.0015059577905832144 
  53.94030202925909  0.0014888682187876323 
   53.9636621047664  0.0014719036901226228 
  53.98702218027371  0.0014550583626183845 
  54.01038225578103  0.0014383263580959318 
 54.033742331288344  0.0014217017860231743 
  54.05710240679566  0.0014051787671210518 
  54.08046248230297  0.0013887514566318952 
  54.10382255781029  0.0013724140671647195 
   54.1271826333176  0.0013561608910361382 
 54.150542708824915  0.0013399863220272994 
 54.173902784332235  0.0013238848764827243 
  54.19726285983955  0.0013078512136793956 
  54.22062293534686  0.0012918801553990402 
  54.24398301085418  0.0012759667046407781 
  54.26734308636149  0.0012601060634154925 
 54.290703161868805  0.0012442936495679388 
  54.31406323737612  0.0012285251125774446 
  54.33742331288344  0.0012127963482924677 
  54.36078338839075   0.001197103512559582 
  54.38414346389806   0.001181443033712044 
  54.40750353940538  0.0011658116238883218 
 54.430863614912695  0.0011502062891560216 
  54.45422369042001  0.0011346243384213097 
  54.47758376592732  0.0011190633911095083 
  54.50094384143464  0.0011035213836070748 
  54.52430391694195    0.00108799657446032 
 54.547663992449266  0.0010724875483310065 
 54.571024067956586  0.0010569932187138437 
   54.5943841434639   0.001041512829425475 
  54.61774421897121   0.001026045954879069 
  54.64110429447853   0.001010592499163195 
  54.66446436998584  0.0009951526939477396 
 54.687824445493156  0.0009797270952438043 
  54.71118452100047  0.0009643165790483667 
  54.73454459650779   0.000948922335908284 
   54.7579046720151   0.000933545864441596 
 54.781264747522414  0.0009181889638574002 
 54.804624823029734  0.0009028537255187035 
 54.827984898537046  0.0008875425235954098 
  54.85134497404436  0.0008722580048570525 
  54.87470504955167  0.0008570030776574778 
  54.89806512505899   0.000841780900165495 
 54.921425200566304  0.0008265948678974957 
  54.94478527607362  0.0008114486006094324 
  54.96814535158094  0.0007963459286070278 
  54.99150542708825  0.0007812908785339808 
  55.01486550259556  0.0007662876586986797 
  55.03822557810288  0.0007513406440005817 
 55.061585653610194  0.0007364543605175755 
  55.08494572911751  0.0007216334698155502 
  55.10830580462482   0.000706882753041448 
  55.13166588013214   0.000692207094860195 
  55.15502595563945  0.0006776114672955719 
 55.178386031146765  0.0006631009135337878 
 55.201746106654085  0.0006486805317477604 
   55.2251061821614  0.0006343554589982976 
  55.24846625766871   0.000620130855267167 
  55.27182633317603  0.0006060118876751952 
  55.29518640868334  0.0005920037149365091 
 55.318546484190655  0.0005781114720980697 
  55.34190655969797  0.0005643402556114621 
  55.36526663520529  0.0005506951087813904 
   55.3886267107126  0.0005371810076330155 
  55.41198678621991  0.0005238028472375194 
  55.43534686172723  0.0005105654285327682 
 55.458706937234545  0.0004974734456730658 
  55.48206701274186 0.00048453147393913215 
  55.50542708824917  0.0004717439582367281 
  55.52878716375649  0.0004591152022092254 
   55.5521472392638 0.00044664935798662474 
 55.575507314771116 0.00043435041659045523 
 55.598867390278436  0.0004222221990111553 
  55.62222746578575  0.0004102683479714789 
  55.64558754129306 0.00039849232038663434 
  55.66894761680038 0.00038689738052892215 
  55.69230769230769 0.00037548659390192337 
 55.715667767815006  0.0003642628218263556 
  55.73902784332232  0.0003532287167372138 
  55.76238791882964 0.00034238671818903913 
  55.78574799433695 0.00033173904956374634 
 55.809108069844264 0.00032128771547292804 
 55.832468145351584  0.0003110344998443505 
 55.855828220858896 0.00030098096468000207 
  55.87918829636621  0.0002911284494711005 
  55.90254837187352  0.0002814780712534452 
  55.92590844738084  0.0002720307252846478 
 55.949268522888154   0.000262787086323135 
  55.97262859839547  0.0002537476104871617 
  55.99598867390279 0.00024491253767076237 
   56.0193487494101  0.0002362818944921883 
  56.04270882491741 0.00022785549774924488 
  56.06606890042473  0.0002196329583550059 
 56.089428975932044 0.00021161368572644384 
  56.11278905143936  0.0002037968925978041 
  56.13614912694667 0.00019618160023002229 
  56.15950920245399 0.00018876664398695316 
   56.1828692779613 0.00018155067924893723 
 56.206229353468615 0.00017453218763396178 
 56.229589428975935  0.0001677094834967099 
  56.25294950448325 0.00016108072067577705 
  56.27630957999056 0.00015464389945950882 
  56.29966965549788 0.00014839687374127139 
  56.32302973100519 0.00014233735833528763 
 56.346389806512505 0.00013646293642467837 
  56.36974988201982 0.00013077106711398243 
  56.39310995752714   0.000125259093059047 
  56.41647003303445 0.00011992424814797247 
  56.43983010854176 0.00011476366520760085 
  56.46319018404908 0.00010977438371097857 
 56.486550259556395 0.00010495335746214522 
  56.50991033506371 0.00010029746223562061 
  56.53327041057102  9.580350334906579e-05 
  56.55663048607834  9.146822314864927e-05 
  56.57999056158565  8.728830838783007e-05 
 56.603350637092966  8.326039748139986e-05 
 56.626710712600286  7.938108761786728e-05 
   56.6500707881076  7.564694171443241e-05 
  56.67343086361491   7.20544952000223e-05 
  56.69679093912223  6.860026261311038e-05 
  56.72015101462954  6.528074400222833e-05 
 56.743511090136856   6.20924311182951e-05 
  56.76687116564417  5.903181338912014e-05 
  56.79023124115149  5.609538366758138e-05 
   56.8135913166588 5.3279643746177176e-05 
 56.836951392166114  5.058110963175859e-05 
 56.860311467673434  4.799631657539561e-05 
 56.883671543180746  4.552182385337984e-05 
  56.90703161868806  4.315421929641296e-05 
  56.93039169419537 4.0890123565055374e-05 
  56.95375176970269 3.8726194170450106e-05 
 56.977111845210004  3.665912924026929e-05 
  57.00047192071732  3.468567103070103e-05 
  57.02383199622464  3.280260918613454e-05 
  57.04719207173195  3.100678374897434e-05 
  57.07055214723926 2.9295087922741546e-05 
  57.09391222274658  2.766447059232544e-05 
 57.117272298253894 2.6111938605861888e-05 
  57.14063237376121 2.4634558823304198e-05 
  57.16399244926852 2.3229459937296403e-05 
  57.18735252477584 2.1893834072428832e-05 
  57.21071260028315 2.0624938169402443e-05 
 57.234072675790465  1.942009516100468e-05 
 57.257432751297785  1.827669494715208e-05 
   57.2807928268051  1.719219517653784e-05 
  57.30415290231241 1.6164121842670583e-05 
  57.32751297781973 1.5190069702304355e-05 
  57.35087305332704 1.4267702524413203e-05 
 57.374233128834355 1.3394753177985365e-05 
  57.39759320434167  1.256902356700467e-05 
  57.42095327984899 1.1788384421021264e-05 
   57.4443133553563 1.1050774949734386e-05 
  57.46767343086361 1.0354202369980117e-05 
  57.49103350637093  9.696741313473824e-06 
 57.514393581878245  9.076533123567286e-06 
  57.53775365738556  8.491785049174421e-06 
  57.56111373289287  7.940769343890324e-06 
  57.58447380840019  7.421822278166069e-06 
   57.6078338839075  6.933343072230248e-06 
 57.631193959414816  6.473792757247807e-06 
 57.654554034922135  6.041692972000954e-06 
  57.67791411042945  5.635624702144506e-06 
  57.70127418593676   5.25422696884953e-06 
  57.72463426144408   4.89619547340152e-06 
  57.74799433695139  4.560281204055454e-06 
 57.771354412458706 4.2452890111830835e-06 
  57.79471448796602 3.9500761564771125e-06 
  57.81807456347334  3.673550841694879e-06 
  57.84143463898065 3.4146707221465875e-06 
 57.864794714487964  3.172441409847775e-06 
  57.88815478999528 2.9459149709762566e-06 
 57.911514865502596 2.7341884219895728e-06 
  57.93487494100991 2.5364022284799153e-06 
  57.95823501651722  2.351738810568848e-06 
  57.98159509202454 2.1794210583697724e-06 
 58.004955167531854  2.018710860780656e-06 
  58.02831524303917 1.8689076506067661e-06 
 58.051675318546486 1.7293469687602085e-06 
   58.0750353940538 1.5993990500339976e-06 
  58.09839546956111 1.4784674327087755e-06 
  58.12175554506843 1.3659875940197672e-06 
 58.145115620575744 1.2614256132873002e-06 
  58.16847569608306  1.164276864300482e-06 
  58.19183577159037 1.0740647383395605e-06 
  58.21519584709769  9.903393990260903e-07 
    58.238555922605  9.126765700050118e-07 
 58.261915998112315  8.406763562859085e-07 
 58.285276073619634  7.739620999052324e-07 
  58.30863614912695  7.121792704138066e-07 
  58.33199622463426  6.549943905469914e-07 
  58.35535630014157  6.020939972979514e-07 
  58.37871637564889  5.531836384857068e-07 
 58.402076451156205  5.079869047913263e-07 
  58.42543652666352   4.66244497125483e-07 
  58.44879660217084  4.277133290901284e-07 
  58.47215667767815  3.921656642042885e-07 
  58.49551675318546 3.5938828747998607e-07 
  58.51887682869278  3.291817108586006e-07 
 58.542236904200095  3.013594119492723e-07 
  58.56559697970741 2.7574710545012866e-07 
  58.58895705521472  2.521820465794775e-07 
  58.61231713072204  2.305123657966685e-07 
  58.63567720622935 2.1059643405182383e-07 
 58.659037281736666  1.923022577687588e-07 
 58.682397357243985 1.7550690273667318e-07 
   58.7057574327513  1.600959460623756e-07 
  58.72911750825861  1.459629553162642e-07 
  58.75247758376593  1.330089939915092e-07 
  58.77583765927324  1.211421523862143e-07 
 58.799197734780556 1.1027710301286538e-07 
  58.82255781028787 1.0033467963771724e-07 
  58.84591788579519  9.124147905427295e-08 
   58.8692779613025  8.292948469991473e-08 
 58.892638036809814   7.53357112322609e-08 
  58.91599811231713  6.840186919211662e-08 
 58.939358187824446  6.207404889229178e-08 
  58.96271826333176   5.63024226861082e-08 
  58.98607833883907 5.1040964785838855e-08 
  59.00943841434639  4.624718781917684e-08 
 59.032798489853704  4.188189533121566e-08 
  59.05615856536102  3.790894945986033e-08 
 59.079518640868336 3.4295053034110385e-08 
  59.10287871637565   3.10095453668986e-08 
  59.12623879188296 2.8024211037092467e-08 
  59.14959886739028 2.5313100978708962e-08 
 59.172958942897594 2.2852365219114677e-08 
  59.19631901840491 2.0620096631972933e-08 
  59.21967909391222 1.8596185094791006e-08 
  59.24303916941954  1.676218146496306e-08 
  59.26639924492685 1.5101170812177497e-08 
 59.289759320434165 1.3597654368806885e-08 
 59.313119395941484 1.2237439683394563e-08 
   59.3364794714488  1.100753848547624e-08 
  59.35983954695611   9.89607179269709e-09 
  59.38319962246342  8.892181813457318e-09 
  59.40655969797074   7.98595022004757e-09 
 59.429919773478055 7.1683223884396615e-09 
  59.45327984898537   6.43103722149211e-09 
  59.47663992449269  5.766562192328736e-09 
               59.5 5.1680332639894326e-09 
