|bandpass_frequency|      bandpass_weights|
|            double|                double|
|               GHz|                      |
|              null|                  null|
               10.0  4.161500001535478e-55 
 10.023360075507314  5.945975152836625e-55 
 10.046720151014629  8.491017043440498e-55 
 10.070080226521945 1.2118804192525577e-54 
  10.09344030202926 1.7287144385258796e-54 
 10.116800377536574  2.464621239021627e-54 
 10.140160453043888 3.5118871531921305e-54 
 10.163520528551203  5.001431878011698e-54 
 10.186880604058517   7.11887889616163e-54 
 10.210240679565834 1.0127267819229275e-53 
 10.233600755073148 1.4399135890733149e-53 
 10.256960830580462 2.0461808321626374e-53 
 10.280320906087777 2.9061300285614386e-53 
 10.303680981595091  4.125242865059509e-53 
 10.327041057102408  5.852581272347817e-53 
 10.350401132609722  8.298676554330586e-53 
 10.373761208117037 1.1760713702064625e-52 
 10.397121283624351  1.665796611453486e-52 
 10.420481359131665  2.358162502164001e-52 
  10.44384143463898 3.3364832146721076e-52 
 10.467201510146296  4.718105212246268e-52 
  10.49056158565361 6.6682175753843156e-52 
 10.513921661160925  9.419229264578367e-52 
  10.53728173666824 1.3297942195268642e-51 
 10.560641812175554  1.876363527651393e-51 
  10.58400188768287 2.6461410801970395e-51 
 10.607361963190185 3.7296877992077853e-51 
 10.630722038697499  5.254064969356448e-51 
 10.654082114204813  7.397447192137406e-51 
 10.677442189712128 1.0409545936132274e-50 
 10.700802265219442 1.4640138251528901e-50 
 10.724162340726759 2.0578894990266562e-50 
 10.747522416234073 2.8910952969993627e-50 
 10.770882491741387 4.0594411353598134e-50 
 10.794242567248702  5.696834145788687e-50 
 10.817602642756016 7.9903240373036965e-50 
 10.840962718263333 1.1201049029984393e-49 
 10.864322793770647  1.569338020900362e-49 
 10.887682869277961 2.1975450604880718e-49 
 10.911042944785276  3.075548479118583e-49 
  10.93440302029259  4.302004524027198e-49 
 10.957763095799905  6.014266216328173e-49 
 10.981123171307221  8.403456073100954e-49 
 11.004483246814535  1.173536829569347e-48 
  11.02784332232185  1.637943882434984e-48 
 11.051203397829164 2.2848874893514232e-48 
 11.074563473336479 3.1856211782318305e-48 
 11.097923548843795  4.439018456341687e-48 
  11.12128362435111  6.182203320390205e-48 
 11.144643699858424  8.605242862944815e-48 
 11.168003775365738 1.1971442828925577e-47 
 11.191363850873053   1.66453671195288e-47 
 11.214723926380369 2.3131499163967026e-47 
 11.238084001887684 3.2127557162782894e-47 
 11.261444077394998  4.459797640309787e-47 
 11.284804152902312  6.187513047373206e-47 
 11.308164228409627  8.579868464969491e-47 
 11.331524303916941 1.1890733942913057e-46 
 11.354884379424256 1.6470251294734062e-46 
 11.378244454931572 2.2801074982791076e-46 
 11.401604530438886 3.1548154263010367e-46 
 11.424964605946201  4.362707799909712e-46 
 11.448324681453515  6.029785130234074e-46 
  11.47168475696083  8.329349550594049e-46 
 11.495044832468146 1.1499630427887632e-45 
  11.51840490797546 1.5867928104040955e-45 
 11.541764983482775 2.1883667742377784e-45 
  11.56512505899009 3.0163626190730253e-45 
 11.588485134497404  4.155378030570197e-45 
  11.61184521000472  5.721383802813591e-45 
 11.635205285512034  7.873270642908985e-45 
 11.658565361019349 1.0828613089498409e-44 
 11.681925436526663 1.4885178673589322e-44 
 11.705285512033978  2.045025978177067e-44 
 11.728645587541294 2.8080650887380164e-44 
 11.752005663048608  3.853710416030292e-44 
 11.775365738555923  5.285846550471327e-44 
 11.798725814063237  7.246254709171834e-44 
 11.822085889570552  9.928330182101656e-44 
 11.845445965077866 1.3595725957422426e-43 
  11.86880604058518  1.860767741559793e-43 
 11.892166116092497 2.5453383033470767e-43 
 11.915526191599811 3.4798653349759247e-43 
 11.938886267107126  4.754917049162581e-43 
  11.96224634261444  6.493622482327656e-43 
 11.985606418121755  8.863285009748966e-43 
 12.008966493629071  1.209110469616139e-42 
 12.032326569136385  1.648545125147011e-42 
   12.0556866446437 2.2464631042125055e-42 
 12.079046720151014  3.059576636803823e-42 
 12.102406795658329  4.164731224550104e-42 
 12.125766871165645  5.665995449548317e-42 
  12.14912694667296  7.704226908514475e-42 
 12.172487022180274  1.046997182560357e-41 
 12.195847097687588 1.4220850359422215e-41 
 12.219207173194903 1.9304974313348149e-41 
 12.242567248702219 2.6192472698065224e-41 
 12.265927324209532 3.5517908500633773e-41 
 12.289287399716848  4.813731725383864e-41 
 12.312647475224162  6.520486476287826e-41 
 12.336007550731477  8.827581444575406e-41 
 12.359367626238791 1.1944475636795527e-40 
 12.382727701746106 1.6153106937513709e-40 
 12.406087777253422  2.183276162866456e-40 
 12.429447852760736 2.9493404417297412e-40 
  12.45280792826805  3.982032212446688e-40 
 12.476168003775365 5.3733887809193355e-40 
  12.49952807928268 7.2469521563365185e-40 
 12.522888154789996  9.768461315351912e-40 
  12.54624823029731 1.3160141742566693e-39 
 12.569608305804625   1.77197917778818e-39 
  12.59296838131194 2.3846261672465212e-39 
 12.616328456819254  3.207344739256772e-39 
  12.63968853232657  4.311561919676325e-39 
 12.663048607833884   5.79278304453775e-39 
 12.686408683341199  7.778637839215618e-39 
 12.709768758848513 1.0439591273265398e-38 
 12.733128834355828  1.400319372053257e-38 
 12.756488909863144  1.877302929630241e-38 
 12.779848985370457  2.515389715937748e-38 
 12.803209060877773   3.36852572631204e-38 
 12.826569136385087 4.5085627944074874e-38 
 12.849929211892402  6.031148838342184e-38 
 12.873289287399716  8.063538077779097e-38 
  12.89664936290703 1.0774941224268932e-37 
 12.920009438414347 1.4390233955098875e-37 
 12.943369513921661  1.920810310054824e-37 
 12.966729589428976 2.5625053602657874e-37 
  12.99008966493629  3.416715125084585e-37 
 13.013449740443605  4.553197026789835e-37 
 13.036809815950921 6.0643995250691796e-37 
 13.060169891458235  8.072775163536476e-37 
  13.08352996696555 1.0740428341348696e-36 
 13.106890042472864 1.4281836012336505e-36 
 13.130250117980179 1.8980610625507865e-36 
 13.153610193487495 2.5211577358483746e-36 
  13.17697026899481  3.346983402894578e-36 
 13.200330344502124  4.440898063541606e-36 
 13.223690420009438 5.8891383583353174e-36 
 13.247050495516753  7.805422586588379e-36 
 13.270410571024069  1.033962519891904e-35 
 13.293770646531382 1.3689162744533462e-35 
 13.317130722038698 1.8113930385184132e-35 
 13.340490797546012 2.3955885123344996e-35 
 13.363850873053327  3.166470684140856e-35 
 13.387210948560641  4.183140447641924e-35 
 13.410571024067956  5.523230245590573e-35 
 13.433931099575272  7.288658115133361e-35 
 13.457291175082586  9.613150540657414e-35 
   13.4806512505899 1.2672072297153153e-34 
 13.504011326097215   1.66952635032634e-34 
  13.52737140160453 2.1983794401915793e-34 
 13.550731477111846 2.8931821164524285e-34 
  13.57409155261916  3.805507962951878e-34 
 13.597451628126475   5.00280120272111e-34 
  13.62081170363379  6.573211496363558e-34 
 13.644171779141104  8.631886461748687e-34 
  13.66753185464842 1.1329156797713533e-33 
 13.690891930155734 1.4861177232076325e-33 
 13.714252005663049 1.9483752305649336e-33 
 13.737612081170363 2.5530290055040026e-33 
 13.760972156677678 3.3435102855065024e-33 
 13.784332232184994    4.3763630862863e-33 
 13.807692307692307 5.7251622565273426e-33 
 13.831052383199623  7.485589823955947e-33 
 13.854412458706937   9.78200833510079e-33 
 13.877772534214252 1.2775967827924938e-32 
 13.901132609721566  1.667720900747786e-32 
  13.92449268522888 2.1757887027353004e-32 
 13.947852760736197  2.837094812807334e-32 
 13.971212836243511  3.697385817613281e-32 
 13.994572911750826  4.815922440086739e-32 
  14.01793298725814  6.269429042816819e-32 
 14.041293062765455  8.157184696816558e-32 
  14.06465313827277 1.0607582054207618e-31 
 14.088013213780085  1.378657241636589e-31 
   14.1113732892874 1.7908533262545675e-31 
 14.134733364794714  2.325024518856997e-31 
 14.158093440302029  3.016885772156426e-31 
 14.181453515809345 3.9124969294125383e-31 
 14.204813591316658  5.071226035344154e-31 
 14.228173666823974  6.569551865504222e-31 
 14.251533742331288  8.505940573559356e-31 
 14.274893817838603 1.1007096316756532e-30 
 14.298253893345919 1.4235968423679756e-30 
 14.321613968853232 1.8402002899777686e-30 
 14.344974044360548 2.3774259882841367e-30 
 14.368334119867862  3.069818872786044e-30 
 14.391694195375177  3.961706841200353e-30 
 14.415054270882493  5.109939515669278e-30 
 14.438414346389806  6.587384703885037e-30 
 14.461774421897122  8.487389644034393e-30 
 14.485134497404436  1.092947001053511e-29 
  14.50849457291175 1.4066560440868735e-29 
 14.531854648419065  1.809424993314958e-29 
  14.55521472392638 2.3262538789253618e-29 
 14.578574799433696 2.9890797043607307e-29 
  14.60193487494101  3.838678532663567e-29 
 14.625294950448325  4.927082767345212e-29 
  14.64865502595564  6.320651422519333e-29 
 14.672015101462954  8.103967555338239e-29 
  14.69537517697027  1.038478288785193e-28 
 14.718735252477583 1.3300287409444245e-28 
 14.742095327984899  1.702505447553837e-28 
 14.765455403492213 2.1781103423911043e-28 
 14.788815478999528 2.7850636799054535e-28 
 14.812175554506844 3.5592153889817654e-28 
 14.835535630014157  4.546082392508417e-28 
 14.858895705521473  5.803423028078562e-28 
 14.882255781028787  7.404488309701114e-28 
 14.905615856536102  9.442125634681953e-28 
 14.928975932043418 1.2033955479729727e-27 
  14.95233600755073 1.5328897909145747e-27 
 14.975696083058047 1.9515396154892777e-27 
 14.999056158565361 2.4831772632895975e-27 
 15.022416234072676  3.157926289844493e-27 
  15.04577630957999 4.0138410644679116e-27 
 15.069136385087305 5.0989678657695274e-27 
  15.09249646059462  6.473934503679455e-27 
 15.115856536101935  8.215202136531492e-27 
  15.13921661160925  1.041914627714191e-26 
 15.162576687116564 1.3207175493294822e-26 
 15.185936762623879  1.673214798571931e-26 
 15.209296838131195 2.1186410521911243e-26 
 15.232656913638507  2.681186415013879e-26 
 15.256016989145824  3.391256046514519e-26 
 15.279377064653138 4.2870455580074306e-26 
 15.302737140160453  5.416510210194342e-26 
 15.326097215667769  6.839824937501783e-26 
 15.349457291175082  8.632455776190891e-26 
 15.372817366682398 1.0888992451806028e-25 
 15.396177442189712  1.372792801151571e-25 
 15.419537517697027  1.729761609766366e-25 
 15.442897593204343  2.178369175515789e-25 
 15.466257668711656  2.741831001250348e-25 
 15.489617744218972  3.449164090397867e-25 
 15.512977819726286    4.3366163829504e-25 
   15.5363378952336  5.449443274633235e-25 
 15.559697970740915  6.844114225474243e-25 
  15.58305804624823   8.59105200461861e-25 
 15.606418121755546 1.0778031184028047e-24 
  15.62977819726286   1.35143921147903e-24 
 15.653138272770175  1.693626305662198e-24 
  15.67649834827749 2.1213027925086354e-24 
 15.699858423784804  2.655533215573796e-24 
  15.72321849929212 3.3224986760342326e-24 
 15.746578574799432   4.15472135754119e-24 
 15.769938650306749  5.192577640261613e-24 
 15.793298725814063  6.486166738939576e-24 
 15.816658801321378  8.097617068297029e-24 
 15.840018876828694 1.0103931230471734e-23 
 15.863378952336006 1.2600493386993506e-23 
 15.886739027843323  1.570539073829426e-23 
 15.910099103350637  1.956473500037926e-23 
 15.933459178857952 2.4359211493343205e-23 
 15.956819254365268 3.0312134381065217e-23 
  15.98017932987258 3.7699348716371026e-23 
 16.003539405379897   4.68613956642099e-23 
  16.02689948088721  5.821844952006956e-23 
 16.050259556394526  7.228864745084819e-23 
 16.073619631901842  8.971056954210643e-23 
 16.096979707409155 1.1127079291605891e-22 
  16.12033978291647 1.3793764564395898e-22 
 16.143699858423787  1.709025314685347e-22 
   16.1670599339311 2.1163049409301797e-22 
 16.190420009438412  2.619220509767785e-22 
  16.21378008494573 3.2398876445523936e-22 
 16.237140160453045  4.005455485340626e-22 
 16.260500235960357  4.949233521077984e-22 
 16.283860311467674  6.112066367334022e-22 
  16.30722038697499  7.544010072350502e-22 
 16.330580462482303  9.306374897124715e-22 
  16.35394053798962 1.1474213240505443e-21 
  16.37730061349693 1.4139347948785813e-21 
 16.400660689004248  1.741405623774658e-21 
  16.42402076451156  2.143554855460688e-21 
 16.447380840018877 2.6371410745591185e-21 
 16.470740915526193 3.2426212862282483e-21 
 16.494100991033505  3.984953002144981e-21 
  16.51746106654082 4.8945671344602455e-21 
 16.540821142048138 6.0085473836694884e-21 
  16.56418121755545  7.372059113743768e-21 
 16.587541293062763  9.040079480227145e-21 
  16.61090136857008 1.1079491101509394e-20 
 16.634261444077396 1.3571614182263638e-20 
  16.65762151958471 1.6615267118471685e-20 
 16.680981595092025  2.033046372023222e-20 
  16.70434167059934 2.4862876858025408e-20 
 16.727701746106654   3.03892242551826e-20 
  16.75106182161397 3.7123763127262664e-20 
 16.774421897121282  4.532611737309187e-20 
   16.7977819726286  5.531070519710316e-20 
  16.82114204813591  6.745808774488297e-20 
 16.844502123643228  8.222862217058957e-20 
 16.867862199150544  1.001788774277766e-19 
 16.891222274657856 1.2198136023416742e-19 
 16.914582350165173 1.4844820476520466e-19 
  16.93794242567249  1.805596058220459e-19 
   16.9613025011798 2.1949792520595953e-19 
 16.984662576687118  2.666885791871106e-19 
  17.00802265219443 3.2384902643965067e-19 
 17.031382727701747  3.930474267034784e-19 
  17.05474280320906  4.767728378797569e-19 
 17.078102878716376 5.7801917169086625e-19 
 17.101462954223692  7.003855453320077e-19 
 17.124823029731004   8.48196160341818e-19 
  17.14818310523832 1.0266434238774192e-18 
 17.171543180745637 1.2419587177186168e-18 
  17.19490325625295  1.501616035437706e-18 
 17.218263331760262 1.8145746702708956e-18 
  17.24162340726758 2.1915682711007936e-18 
 17.264983482774895 2.6454489217812143e-18 
 17.288343558282207   3.19159647509091e-18 
 17.311703633789524 3.8484052281319395e-18 
  17.33506370929684  4.637862209148863e-18 
 17.358423784804152  5.586233912750394e-18 
  17.38178386031147 6.7248813369081325e-18 
  17.40514393581878  8.091226717289152e-18 
 17.428504011326098  9.729899511437175e-18 
  17.45186408683341 1.1694094060583909e-17 
 17.475224162340727   1.40471770709282e-17 
 17.498584237848043  1.686458974900071e-17 
 17.521944313355355 2.0236097259881252e-17 
  17.54530438886267 2.4268447341187398e-17 
 17.568664464369988 2.9088510618818466e-17 
   17.5920245398773 3.4846987686066263e-17 
 17.615384615384613  4.172278261965876e-17 
  17.63874469089193 4.9928159654650405e-17 
 17.662104766399246  5.971481961806446e-17 
  17.68546484190656  7.138105588337732e-17 
 17.708824917413875  8.528017657922848e-17 
  17.73218499292119 1.0183041117200574e-16 
 17.755545068428503 1.2152655604202923e-16 
  17.77890514393582 1.4495365609206019e-16 
 17.802265219443132 1.7280306869226241e-16 
  17.82562529495045 2.0589131344502294e-16 
  17.84898537045776 2.4518217757312654e-16 
 17.872345445965077 2.9181262360679056e-16 
 17.895705521472394  3.471231350879097e-16 
 17.919065596979706 4.1269323908313464e-16 
 17.942425672487023   4.90383063531451e-16 
  17.96578574799434  5.823819252890866e-16 
  17.98914582350165  6.912651039718049e-16 
 18.012505899008964  8.200601405294876e-16 
  18.03586597451628  9.723242115798496e-16 
 18.059226050023597 1.1522343750548523e-15 
  18.08258612553091  1.364692764446278e-15 
 18.105946201038225  1.615449133317614e-15 
  18.12930627654554  1.911243524981447e-15 
 18.152666352052854 2.2599722713932186e-15 
  18.17602642756017 2.6708810184237423e-15 
 18.199386503067487  3.154789040892388e-15 
   18.2227465785748  3.724349760471963e-15 
 18.246106654082112  4.394353124610644e-15 
  18.26946672958943 5.1820763583638045e-15 
 18.292826805096745  6.107690578673237e-15 
 18.316186880604057  7.194731879387199e-15 
 18.339546956111374  8.470646774665785e-15 
  18.36290703161869   9.96742335040323e-15 
 18.386267107126002 1.1722321142847508e-14 
 18.409627182633315 1.3778714668835026e-14 
 18.432987258140635 1.6187067704763154e-14 
 18.456347333647948 1.9006057887389972e-14 
  18.47970740915526 2.2303874029185184e-14 
 18.503067484662576 2.6159711749615814e-14 
 18.526427560169893 3.0665496672654077e-14 
 18.549787635677205  3.592786858733593e-14 
  18.57314771118452  4.207046467694095e-14 
 18.596507786691838  4.923654526573523e-14 
  18.61986786219915  5.759201159147601e-14 
 18.643227937706463   6.73288719779473e-14 
  18.66658801321378   7.86692205566226e-14 
 18.689948088721096  9.186980148406645e-14 
  18.71330816422841 1.0722724154922459e-13 
 18.736668239735724 1.2508404530455191e-13 
  18.76002831524304  1.458354595455962e-13 
 18.783388390750353 1.6993732828221483e-13 
 18.806748466257666 1.9791507548785497e-13 
 18.830108541764986  2.303739711006249e-13 
   18.8534686172723 2.6801085622496655e-13 
  18.87682869277961 3.1162752651656653e-13 
 18.900188768286927  3.621459986255659e-13 
 18.923548843794244  4.206259136585303e-13 
 18.946908919301556  4.882843642662763e-13 
 18.970268994808873   5.66518468581679e-13 
  18.99362907031619  6.569310552705713e-13 
   19.0169891458235  7.613598699203316e-13 
 19.040349221330814  8.819107644238977e-13 
  19.06370929683813 1.0209953885316151e-12 
 19.087069372345447  1.181373967008226e-12 
  19.11042944785276 1.3662038175847581e-12 
 19.133789523360075 1.5790943449456954e-12 
  19.15714959886739 1.8241693352306537e-12 
 19.180509674374704  2.106137474935764e-12 
  19.20386974988202  2.430372128741904e-12 
 19.227229825389337 2.8030015338497753e-12 
  19.25058990089665 3.2310107051510184e-12 
 19.273949976403962  3.722356497409898e-12 
  19.29731005191128  4.286097439106284e-12 
 19.320670127418595  4.932540139369856e-12 
 19.344030202925907 5.6734042763352065e-12 
 19.367390278433223  6.522008404253138e-12 
  19.39075035394054  7.493479069954794e-12 
 19.414110429447852  8.604986009128882e-12 
 19.437470504955165  9.876006501868418e-12 
 19.460830580462485 1.1328622307821562e-11 
 19.484190655969797 1.2987852977023803e-11 
  19.50755073147711 1.4882029746310217e-11 
 19.530910806984426 1.7043214686553744e-11 
 19.554270882491743 1.9507670266638305e-11 
 19.577630957999055 2.2316385050040075e-11 
  19.60099103350637 2.5515661843507787e-11 
 19.624351109013688 2.9157775279258186e-11 
    19.647711184521 3.3301706537335343e-11 
 19.671071260028313  3.801396370864374e-11 
  19.69443133553563 4.3369497167399147e-11 
 19.717791411042946  4.945272027044303e-11 
 19.741151486550258  5.635864673656118e-11 
 19.764511562057574  6.419415718853962e-11 
  19.78787163756489  7.307940857156478e-11 
 19.811231713072203  8.314940150162328e-11 
 19.834591788579516  9.455572205490602e-11 
 19.857951864086836 1.0746847609281688e-10 
  19.88131193959415 1.2207843593615795e-10 
  19.90467201510146 1.3859942106630529e-10 
 19.928032090608777 1.5727093655066568e-10 
 19.951392166116094 1.7836109507564932e-10 
 19.974752241623406  2.021698508336347e-10 
 19.998112317130722 2.2903257606300883e-10 
  20.02147239263804 2.5932401379440337e-10 
  20.04483246814535 2.9346264332491664e-10 
 20.068192543652664  3.319154981380151e-10 
  20.09155261915998 3.7520347942430514e-10 
 20.114912694667296 4.2390721205121003e-10 
  20.13827277017461  4.786734937925191e-10 
 20.161632845681925  5.402223928765533e-10 
  20.18499292118924  6.093550534594918e-10 
 20.208352996696554   6.86962273494333e-10 
  20.23171307220387  7.740339246603063e-10 
 20.255073147711187  8.716692895597378e-10 
   20.2784332232185  9.810883972940388e-10 
 20.301793298725812 1.1036444448138612e-09 
  20.32515337423313 1.2408373981158377e-09 
 20.348513449740445 1.3943288744456003e-09 
 20.371873525247757 1.5659584141780678e-09 
 20.395233600755073  1.757761258996113e-09 
  20.41859367626239 1.9719877613904177e-09 
 20.441953751769702  2.211124559371359e-09 
 20.465313827277015  2.477917659626538e-09 
 20.488673902784335  2.775397582187704e-09 
 20.512033978291647 3.1069067299961504e-09 
  20.53539405379896 3.4761291575850243e-09 
 20.558754129306276  3.887122924428308e-09 
 20.582114204813593  4.344355230354495e-09 
 20.605474280320905   4.85274054277474e-09 
  20.62883435582822  5.417681938337914e-09 
 20.652194431335538  6.045115894983353e-09 
  20.67555450684285   6.74156078421823e-09 
 20.698914582350163   7.51416932777238e-09 
  20.72227465785748  8.370785297571099e-09 
 20.745634733364795  9.320004753190969e-09 
 20.768994808872108  1.037124212659597e-08 
 20.792354884379424 1.1534801479955478e-08 
  20.81571495988674 1.2821953278685113e-08 
 20.839075035394053  1.424501703848626e-08 
 20.862435110901366  1.581745022202222e-08 
 20.885795186408686  1.755394377790966e-08 
    20.909155261916 1.9470524731857907e-08 
  20.93251533742331 2.1584666256975424e-08 
 20.955875412930627  2.391540566738132e-08 
 20.979235488437944  2.648347079625542e-08 
 21.002595563945256 2.9311415236196292e-08 
 21.025955639452572  3.242376293612657e-08 
  21.04931571495989 3.5847162664873584e-08 
   21.0726757904672  3.961055286683175e-08 
 21.096035865974514  4.374533744961981e-08 
  21.11939594148183  4.828557305722837e-08 
 21.142756016989146 5.3268168394670024e-08 
  21.16611609249646  5.873309618138304e-08 
 21.189476168003775  6.472361832043265e-08 
  21.21283624351109  7.128652487867449e-08 
 21.236196319018404  7.847238747934558e-08 
  21.25955639452572  8.633582771270555e-08 
 21.282916470033037  9.493580117219779e-08 
  21.30627654554035  1.043358977229149e-07 
 21.329636621047662 1.1460465860559222e-07 
  21.35299669655498 1.2581591097269686e-07 
 21.376356772062294 1.3804912044321547e-07 
 21.399716847569607  1.513897622490701e-07 
 21.423076923076923 1.6592971152849301e-07 
  21.44643699858424 1.8176765329984572e-07 
 21.469797074091552 1.9900951262304084e-07 
 21.493157149598865 2.1776890542446753e-07 
 21.516517225106185    2.3816761042495e-07 
 21.539877300613497  2.603360625684376e-07 
  21.56323737612081 2.8441386830164526e-07 
 21.586597451628126  3.105503430009632e-07 
 21.609957527135442  3.389050707831577e-07 
 21.633317602642755  3.696484868696219e-07 
  21.65667767815007 4.0296248260031523e-07 
 21.680037753657388  4.390410331126856e-07 
   21.7033978291647  4.780908476128051e-07 
 21.726757904672013  5.203320420698009e-07 
  21.75011798017933  5.659988340610916e-07 
 21.773478055686645  6.153402593838933e-07 
 21.796838131193958  6.686209099286607e-07 
 21.820198206701274  7.261216921815979e-07 
  21.84355828220859  7.881406055865538e-07 
 21.866918357715903  8.549935398516352e-07 
 21.890278433223216   9.27015090132115e-07 
 21.913638508730536 1.0045593888590589e-06 
  21.93699858423785 1.0880009528129395e-06 
  21.96035865974516 1.1777355438632892e-06 
 21.983718735252477    1.2741810416085e-06 
 22.007078810759793  1.377778325956502e-06 
 22.030438886267106 1.4889921674857413e-06 
 22.053798961774422 1.6083121232174771e-06 
  22.07715903728174  1.736253435216208e-06 
  22.10051911278905 1.8733579292149813e-06 
 22.123879188296364 2.0201949102364536e-06 
  22.14723926380368  2.177362051951189e-06 
 22.170599339310996 2.3454862762809198e-06 
  22.19395941481831   2.52522461951868e-06 
 22.217319490325625 2.7172650809996943e-06 
  22.24067956583294  2.922327450117526e-06 
 22.264039641340254  3.141164107243682e-06 
  22.28739971684757 3.3745607938706904e-06 
 22.310759792354887  3.623337347065843e-06 
   22.3341198678622  3.888348393094847e-06 
 22.357479943369512  4.170483994850319e-06 
 22.380840018876828  4.470670247505162e-06 
 22.404200094384144  4.789869816604827e-06 
 22.427560169891457  5.129082412616752e-06 
 22.450920245398773  5.489345195772602e-06 
  22.47428032090609  5.871733104870009e-06 
 22.497640396413402  6.277359103549787e-06 
 22.521000471920715  6.707374337430037e-06 
 22.544360547428035 7.1629681953651896e-06 
 22.567720622935347   7.64536826800634e-06 
  22.59108069844266  8.155840196775463e-06 
 22.614440773949976  8.695687406319985e-06 
 22.637800849457292  9.266250713506595e-06 
 22.661160924964605  9.868907806028977e-06 
  22.68452100047192 1.0505072583754691e-05 
 22.707881075979238 1.1176194356019107e-05 
  22.73124115148655 1.1883756888196091e-05 
 22.754601226993863 1.2629277291032945e-05 
  22.77796130250118 1.3414304746430948e-05 
 22.801321378008495 1.4240419063593086e-05 
 22.824681453515808 1.5109229059741114e-05 
 22.848041529023124 1.6022370759925287e-05 
  22.87140160453044 1.6981505410817234e-05 
 22.894761680037753  1.798831730379455e-05 
 22.918121755545066  1.904451140308049e-05 
 22.941481831052386  2.015181077521043e-05 
   22.9648419065597 2.1311953816648205e-05 
  22.98820198206701  2.252669127698392e-05 
 23.011562057574327  2.379778307577768e-05 
 23.034922133081643  2.512699491181975e-05 
 23.058282208588956 2.6516094664315085e-05 
 23.081642284096272 2.7966848586274464e-05 
  23.10500235960359 2.9481017291234956e-05 
   23.1283624351109 3.1060351535290614e-05 
 23.151722510618214  3.270658779732374e-05 
  23.17508258612553  3.442144366127714e-05 
 23.198442661632846  3.620661300527845e-05 
  23.22180273714016  3.806376100344502e-05 
 23.245162812647475 3.9994518947235116e-05 
  23.26852288815479  4.200047889426598e-05 
 23.291882963662104  4.408318815361586e-05 
  23.31524303916942  4.624414361771657e-05 
 23.338603114676737   4.84847859520528e-05 
  23.36196319018405 5.0806493655009775e-05 
 23.385323265691362 5.3210577001322177e-05 
 23.408683341198678   5.56982718836904e-05 
 23.432043416705994  5.827073356823784e-05 
 23.455403492213307  6.092903038057654e-05 
 23.478763567720623  6.367413734029609e-05 
  23.50212364322794  6.650692976275256e-05 
 23.525483718735252  6.942817684801805e-05 
 23.548843794242565  7.243853527782922e-05 
 23.572203869749885  7.553854284227155e-05 
 23.595563945257197  7.872861211881009e-05 
  23.61892402076451  8.200902422707867e-05 
 23.642284096271826  8.537992268354621e-05 
 23.665644171779142  8.884130738086933e-05 
 23.689004247286455  9.239302871730191e-05 
  23.71236432279377   9.60347819020213e-05 
 23.735724398301087  9.976610146263149e-05 
   23.7590844738084 0.00010358635598141349 
 23.782444549315713 0.00010749474308708087 
  23.80580462482303 0.00011149028472888944 
 23.829164700330345  0.0001155718227599294 
 23.852524775837658 0.00011973801485629173 
 23.875884851344974 0.00012398733079853368 
  23.89924492685229 0.00012831804914148197 
 23.922605002359603 0.00013272825429791655 
 23.945965077866916 0.00013721583406102445 
 23.969325153374236 0.00014177847758975215 
 23.992685228881548  0.0001464136738802843 
  24.01604530438886 0.00015111871074587172 
 24.039405379896177  0.0001558906743260313 
 24.062765455403493 0.00016072644914490365 
 24.086125530910806 0.00016562271873712213 
 24.109485606418122  0.0001705759668580255 
  24.13284568192544 0.00017558247929338073 
  24.15620575743275 0.00018063834628207065 
 24.179565832940064  0.0001857394655632567 
  24.20292590844738  0.0001908815460576325 
 24.226285983954696  0.0001960601121902569 
  24.24964605946201  0.0002012705088603604 
 24.273006134969325 0.00020650790706121686 
  24.29636621047664 0.00021176731015094707 
 24.319726285983954 0.00021704356077268595 
  24.34308636149127 0.00022233134842019703 
 24.366446436998586 0.00022762521764251148 
   24.3898065125059  0.0002329195768787264 
 24.413166588013212  0.0002382087079115838 
 24.436526663520528  0.0002434867759259442 
 24.459886739027844 0.00024874784015579374 
 24.483246814535157  0.0002539858651009354 
 24.506606890042473 0.00025919473229207987 
  24.52996696554979  0.0002643682525806491 
 24.553327041057102 0.00026950017892729046 
 24.576687116564415 0.00027458421966081116 
 24.600047192071735   0.000279614052177079 
 24.623407267579047 0.00028458333704533693 
  24.64676734308636 0.00028948573248743895 
 24.670127418593676  0.0002943149091936085 
 24.693487494100992 0.00029906456543663863 
 24.716847569608305 0.00030372844244487134 
  24.74020764511562 0.00030830033999284205 
 24.763567720622937 0.00031277413216724697 
  24.78692779613025  0.0003171437832647477 
 24.810287871637563 0.00032140336377727734 
  24.83364794714488  0.0003255470664197118 
 24.857008022652195  0.0003295692221543299 
 24.880368098159508 0.00033346431616599367 
 24.903728173666824  0.0003372270037420295 
  24.92708824917414   0.000340852126010689 
 24.950448324681453 0.00034433472549247275 
 24.973808400188766  0.0003476700614188928 
 24.997168475696085 0.00035085362477428356 
 25.020528551203398  0.0003538811530166361 
  25.04388862671071  0.0003567486444350339 
 25.067248702218027  0.0003594523721022377 
 25.090608777725343 0.00036198889738257216 
 25.113968853232656  0.0003643550829568818 
 25.137328928739972 0.00036654810532819984 
  25.16068900424729  0.0003685654667737907 
   25.1840490797546  0.0003704050067113767 
 25.207409155261914 0.00037206491244972214 
  25.23076923076923  0.0003735437292962143 
 25.254129306276546  0.0003748403699966111 
  25.27748938178386 0.00037595412348502837 
 25.300849457291175 0.00037688466292474273 
  25.32420953279849 0.00037763205302362616 
 25.347569608305804 0.00037819675661080886 
  25.37092968381312 0.00037857964046418406 
 25.394289759320436 0.00037878198038161667 
  25.41764983482775   0.000378805465491622 
  25.44100991033506 0.00037865220180257275 
 25.464369985842378 0.00037832471499246213 
 25.487730061349694 0.00037782595244448134 
 25.511090136857007 0.00037715928453658224 
 25.534450212364323 0.00037632850519638217 
  25.55781028787164  0.0003753378317355011 
 25.581170363378952   0.000374191903980512 
 25.604530438886265  0.0003728957827201833 
 25.627890514393584    0.00037145494749177 
 25.651250589900897   0.000369875293731055 
  25.67461066540821 0.00036816312931383207 
 25.697970740915526 0.00036632517051857937 
 25.721330816422842  0.0003643685374417912 
 25.744690891930155  0.0003623007489003969 
  25.76805096743747 0.00036012971685605384 
 25.791411042944787   0.000357863740399175 
   25.8147711184521 0.00035551149933084634 
 25.838131193959413 0.00035308204738275305 
  25.86149126946673 0.00035058480511573025 
 25.884851344974045  0.0003480295525388888 
 25.908211420481358  0.0003454264214916496 
 25.931571495988674 0.00034278588783144445 
  25.95493157149599  0.0003401187634703487 
 25.978291647003303  0.0003374361883037396 
  26.00165172251062 0.00033474962207419545 
 26.025011798017932  0.0003320708362132722 
 26.048371873525248    0.00032941190570368 
  26.07173194903256 0.00032678520100343743 
 26.095092024539877 0.00032420338007290003 
 26.118452100047193  0.0003216793805446386 
 26.141812175554506  0.0003192264120749773 
 26.165172251061822 0.00031685794891470135 
 26.188532326569135   0.000314587722735202 
  26.21189240207645  0.0003124297157447156 
 26.235252477583767 0.00031039815412776034 
  26.25861255309108   0.000308507501839165 
 26.281972628598396 0.00030677245478233405 
  26.30533270410571 0.00030520793539939146 
 26.328692779613025 0.00030382908769928656 
  26.35205285512034  0.0003026512727474051 
 26.375412930627654  0.0003016900646387655 
  26.39877300613497  0.0003009612469745627 
 26.422133081642283 0.00030048080985974805 
   26.4454931571496 0.00030026494743743765 
 26.468853232656915 0.00030033005597361086 
 26.492213308164228 0.00030069273250377766 
 26.515573383671544  0.0003013697740510657 
 26.538933459178857 0.00030237817742318515 
 26.562293534686173  0.0003037351395937864 
 26.585653610193486 0.00030545805867173846 
 26.609013685700802  0.0003075645354599206 
 26.632373761208118 0.00031007237560322864 
  26.65573383671543 0.00031299959232387756 
 26.679093912222747  0.0003163644097398146 
  26.70245398773006 0.00032018526676095297 
 26.725814063237376   0.000324480821555764 
 26.749174138744692  0.0003292699565793453 
 26.772534214252005   0.000334571784152469 
  26.79589428975932  0.0003404056525795523 
 26.819254365266634 0.00034679115279197037 
  26.84261444077395 0.00035374812550170086 
 26.865974516281266  0.0003612966688488212 
  26.88933459178858  0.0003694571465249521 
 26.912694667295895  0.0003782501963533418 
 26.936054742803208  0.0003876967393050485 
 26.959414818310524     0.0003978179889289 
  26.98277489381784  0.0004086354611720463 
 27.006134969325153  0.0004201709845660918 
  27.02949504483247  0.0004324467107527257 
 27.052855120339782  0.0004454851253209038 
 27.076215195847098 0.00045930905892670854 
  27.09957527135441  0.0004739416986650351 
 27.122935346861727  0.0004894065996609166 
 27.146295422369043  0.0005057276968468591 
 27.169655497876356  0.0005229293168903593 
 27.193015573383672  0.0005410361902347925 
 27.216375648890985  0.0005600734632144737 
   27.2397357243983  0.0005800667102032176 
 27.263095799905617  0.0006010419457535775 
  27.28645587541293   0.000623025636682222 
 27.309815950920246  0.0006460447140546126 
  27.33317602642756  0.0006701265850202044 
 27.356536101934875  0.0006952991444472816 
  27.37989617744219  0.0007215907863040458 
 27.403256252949504  0.0007490304147308514 
  27.42661632845682  0.0007776474547454608 
 27.449976403964133  0.0008074718625217295 
  27.47333647947145  0.0008385341351789645 
 27.496696554978765  0.0008708653200175612 
 27.520056630486078  0.0009044970231338223 
 27.543416705993394  0.0009394614173445485 
 27.566776781500707  0.0009757912493503333 
 27.590136857008023  0.0010135198460631668 
 27.613496932515336   0.001052681120023369 
 27.636857008022652  0.0010933095738276642 
 27.660217083529968  0.0011354403034889533 
  27.68357715903728  0.0011791090006466813 
 27.706937234544597  0.0012243519535450225 
  27.73029731005191  0.0012712060466947767 
 27.753657385559226  0.0013197087591342539 
 27.777017461066542  0.0013698981612027127 
 27.800377536573855  0.0014218129097408405 
  27.82373761208117  0.0014754922416309344 
 27.847097687588484  0.0015309759655904515 
   27.8704577630958  0.0015883044521336827 
 27.893817838603116  0.0016475186216154303 
  27.91717791411043  0.0017086599302737315 
 27.940537989617745  0.0017717703541890969 
 27.963898065125058   0.001836892371080252 
 27.987258140632374  0.0019040689398595408 
  28.01061821613969    0.00197334347787313 
 28.033978291647003  0.0020447598357558644 
  28.05733836715432    0.00211836226983409 
  28.08069844266163   0.002194195412014417 
 28.104058518168948  0.0022723042371022794 
  28.12741859367626  0.0023527340274982034 
 28.150778669183577   0.002435530335228272 
 28.174138744690893  0.0025207389412698305 
 28.197498820198206  0.0026084058121418822 
 28.220858895705522   0.002698577053737547 
 28.244218971212835   0.002791298862383561 
  28.26757904672015  0.0028866174731212195 
 28.290939122227467  0.0029845791052117193 
  28.31429919773478  0.0030852299048800603 
 28.337659273242096  0.0031886158853193817 
  28.36101934874941  0.0032947828639907483 
 28.384379424256725  0.0034037763972621367 
  28.40773949976404   0.003515641712443124 
 28.431099575271354   0.003630423637282085 
  28.45445965077867  0.0037481665270053467 
 28.477819726285983   0.003868914188988787 
   28.5011798017933    0.00399270980516481 
 28.524539877300615   0.004119595852280581 
 28.547899952807928   0.004249614020132731 
 28.571260028315244   0.004382805127919987 
 28.594620103822557    0.00451920903886304 
 28.617980179329873   0.004658864573255984 
 28.641340254837186   0.004801809420122901 
 28.664700330344502   0.004948080047666591 
 28.688060405851818  0.0050977116127053695 
  28.71142048135913  0.0052507378693064065 
 28.734780556866447    0.00540719107683258 
  28.75814063237376   0.005567101907630035 
 28.781500707881076   0.005730499354593265 
 28.804860783388392   0.005897410638850948 
 28.828220858895705   0.006067861117825981 
  28.85158093440302   0.006241874193927186 
 28.874941009910334  0.0064194712241378935 
  28.89830108541765   0.006600671430771503 
 28.921661160924966   0.006785491813667308 
  28.94502123643228   0.006973947064103826 
 28.968381311939595   0.007166049480708761 
 28.991741387446908  0.0073618088876458475 
 29.015101462954224   0.007561232555358114 
  29.03846153846154  0.0077643251241470215 
 29.061821613968853   0.007971088530864184 
  29.08518168947617    0.00818152193898729 
  29.10854176498348   0.008395621672351984 
 29.131901840490798   0.008613381152797538 
  29.15526191599811   0.008834790841986243 
 29.178621991505427   0.009059838187642609 
 29.201982067012743   0.009288507574448846 
 29.225342142520056   0.009520780279827085 
 29.248702218027372   0.009756634434822595 
 29.272062293534685   0.009996044990293357 
    29.295422369042   0.010238983688593922 
 29.318782444549317   0.010485419040929849 
  29.34214252005663   0.010735316310545018 
 29.365502595563946    0.01098863750188042 
  29.38886267107126   0.011245341355835332 
 29.412222746578575   0.011505383351235871 
  29.43558282208589   0.011768715712603735 
 29.458942897593204   0.012035287424292461 
  29.48230297310052   0.012305044251043945 
 29.505663048607833   0.012577928764995331 
  29.52902312411515   0.012853880379146504 
 29.552383199622465    0.01313283538727714 
 29.575743275129778   0.013414727010282353 
 29.599103350637094   0.013699485448874187 
 29.622463426144407   0.013987037942575546 
 29.645823501651723   0.014277308834910947 
 29.669183577159036   0.014570219644683847 
  29.69254365266635   0.014865689143199102 
 29.715903728173668    0.01516363343728174 
  29.73926380368098    0.01546396605791222 
 29.762623879188297   0.015766598054291352 
  29.78598395469561   0.016071438093118475 
 29.809344030202926   0.016378392562857516 
 29.832704105710242   0.016687365682747698 
 29.856064181217555    0.01699825961629197 
  29.87942425672487   0.017310974588960044 
 29.902784332232184    0.01762540900980618 
   29.9261444077395   0.017941459596708904 
 29.949504483246816   0.018259021504918226 
  29.97286455875413    0.01857798845859101 
 29.996224634261445    0.01889825288498153 
 30.019584709768758   0.019219706050953456 
 30.042944785276074   0.019542238201467475 
  30.06630486078339   0.019865738699697048 
 30.089664936290703   0.020190096168424418 
  30.11302501179802    0.02051519863235841 
  30.13638508730533   0.020840933661026583 
 30.159745162812648   0.021167188511882415 
  30.18310523831996   0.021493850273285788 
 30.206465313827277    0.02182080600700242 
 30.229825389334593   0.022147942889883154 
 30.253185464841906    0.02247514835438881 
 30.276545540349222   0.022802310227630896 
 30.299905615856535    0.02312931686860676 
  30.32326569136385   0.023456057303322075 
 30.346625766871167    0.02378242135749753 
  30.36998584237848   0.024108299786575225 
 30.393345917885796   0.024433584402747142 
  30.41670599339311     0.0247581681987427 
 30.440066068900425   0.025081945468130497 
  30.46342614440774   0.025404811921901686 
 30.486786219915054   0.025726664801109547 
  30.51014629542237   0.026047402985377634 
 30.533506370929683    0.02636692709707643 
    30.556866446437   0.026685139601014436 
 30.580226521944315    0.02700194489947641 
 30.603586597451628   0.027317249422492928 
 30.626946672958944   0.027630961713205796 
 30.650306748466257     0.0279429925082423 
 30.673666823973573    0.02825325481301463 
 30.697026899480885    0.02856166397186743 
   30.7203869749882    0.02886813773304162 
 30.743747050495518    0.02917259630840489 
  30.76710712600283    0.02947496242794668 
 30.790467201510147    0.02977516138902483 
  30.81382727701746   0.030073121100385188 
 30.837187352524776   0.030368772120978813 
 30.860547428032092    0.03066204769361735 
 30.883907503539405    0.03095288377353029 
  30.90726757904672    0.03124121905187468 
 30.930627654554034    0.03152699497429356 
  30.95398773006135    0.03181015575460243 
 30.977347805568666    0.03209064838370511 
  31.00070788107598    0.03236842263385014 
 31.024067956583295   0.032643431058339965 
 31.047428032090608    0.03291562898682193 
 31.070788107597924    0.03318497451629159 
  31.09414818310524   0.033451428497939424 
 31.117508258612553    0.03371495451999141 
  31.14086833411987   0.033975518886679976 
  31.16422840962718    0.03423309059349968 
 31.187588485134498    0.03448764129890261 
  31.21094856064181    0.03473914529257513 
 31.234308636149127   0.034987579460462694 
 31.257668711656443    0.03523292324669232 
 31.281028787163756   0.035475158612545805 
 31.304388862671072   0.035714269992640796 
 31.327748938178384    0.03595024424847558 
   31.3511090136857    0.03618307061947761 
 31.374469089193017    0.03641274067171749 
  31.39782916470033   0.036639248244431794 
 31.421189240207646    0.03686258939448722 
  31.44454931571496     0.0370827623389481 
 31.467909391222275    0.03729976739586158 
  31.49126946672959     0.0375136069234151 
 31.514629542236904    0.03772428525757853 
  31.53798961774422   0.037931808648375934 
 31.561349693251532    0.03813618519489129 
  31.58470976875885    0.03833742477914365 
 31.608069844266165    0.03853553899894185 
 31.631429919773478    0.03873054109982772 
 31.654789995280794    0.03892244590622516 
 31.678150070788107   0.039111269751899935 
 31.701510146295423    0.03929703040982312 
 31.724870221802735   0.039479747021559944 
  31.74823029731005   0.039659440026263454 
 31.771590372817368    0.03983613108938201 
  31.79495044832468       0.04000984303117 
 31.818310523831997    0.04018059975509534 
  31.84167059933931   0.040348426176239544 
 31.865030674846626   0.040513348149787964 
 31.888390750353942    0.04067539239967287 
 31.911750825861255    0.04083458644749997 
  31.93511090136857   0.040990958541824905 
 31.958470976875883   0.041144537587869116 
   31.9818310523832   0.041295353077776216 
  32.00519112789051    0.04144343502149585 
 32.028551203397825    0.04158881387838899 
 32.051911278905145    0.04173152048965219 
  32.07527135441246      0.041871586011636 
  32.09863142991978   0.042009041850190304 
  32.12199150542709    0.04214391959609382 
   32.1453515809344    0.04227625096169313 
 32.168711656441715    0.04240606771883537 
  32.19207173194903    0.04253340163821248 
  32.21543180745635    0.04265828443019377 
  32.23879188296366     0.0427807476872719 
  32.26215195847098    0.04290082282821484 
  32.28551203397829    0.04301854104402743 
 32.308872109485606   0.043133933245826685 
  32.33223218499292    0.04324703001474208 
  32.35559226050023    0.04335786155393041 
  32.37895233600755    0.04346645764281485 
  32.40231241151487    0.04357284759365538 
  32.42567248702218    0.04367706021053529 
 32.449032562529496    0.04377912375087408 
  32.47239263803681    0.04387906588955646 
  32.49575271354412   0.043976913685766734 
  32.51911278905144    0.04407269355261678 
  32.54247286455875     0.0441664312296592 
  32.56583294006607    0.04425815175835243 
 32.589193015573386    0.04434787946056363 
   32.6125530910807    0.04443563792016748 
  32.63591316658801     0.0445214499678067 
 32.659273242095324   0.044605337668876886 
 32.682633317602644    0.04468732231477332 
  32.70599339310996     0.0447674244174375 
 32.729353468617276    0.04484566370725072 
  32.75271354412459   0.044922059134287456 
   32.7760736196319   0.044996628872941376 
 32.799433695139214   0.045069390329932756 
  32.82279377064653    0.04514036015569871 
  32.84615384615385    0.04520955425913206 
  32.86951392166116    0.04527698782567355 
  32.89287399716848   0.045342675338690706 
  32.91623407267579   0.045406630604118585 
 32.939594148183104    0.04546886677830076 
  32.96295422369042    0.04552939639895078 
  32.98631429919773    0.04558823141917719 
  33.00967437470505    0.04564538324446272 
  33.03303445021237   0.045700862772505464 
  33.05639452571968    0.04575468043581572 
 33.079754601226995     0.0458068462469338 
  33.10311467673431    0.04585736984616062 
  33.12647475224162    0.04590626055162649 
  33.14983482774894   0.045953527411581645 
  33.17319490325625    0.04599917925872712 
  33.19655497876357    0.04604322476642533 
 33.219915054270885    0.04608567250661035 
   33.2432751297782   0.046126531009220276 
  33.26663520528551   0.046165808822957226 
  33.28999528079282    0.04620351457717122 
  33.31335535630014    0.04623965704468081 
 33.336715431807455    0.04627424520530981 
 33.360075507314775    0.04630728830993228 
  33.38343558282209    0.04633879594480684 
   33.4067956583294     0.0463687780960012 
  33.43015573383671    0.04639724521365704 
 33.453515809344026   0.046424208275897966 
 33.476875884851346    0.04644967885215301 
  33.50023596035866    0.04647366916567689 
  33.52359603586598    0.04649619215504284 
  33.54695611137329    0.04651726153440185 
   33.5703161868806    0.04653689185228364 
 33.593676262387916    0.04655509854874789 
  33.61703633789523    0.04657189801066074 
  33.64039641340255    0.04658730762491617 
  33.66375648890987   0.046601345829397546 
  33.68711656441718    0.04661403216150504 
 33.710476639924494    0.04662538730406566 
 33.733836715431806    0.04663543312845352 
  33.75719679093912   0.046644192734780696 
  33.78055686644643    0.04665169048897053 
  33.80391694195375   0.046657952056626734 
  33.82727701746107    0.04666300443351764 
 33.850637092968384    0.04666687597259447 
   33.8739971684757    0.04666959640742157 
  33.89735724398301    0.04667119687192483 
  33.92071731949032    0.04667170991638814 
  33.94407739499764    0.04667116951961437 
 33.967437470504954   0.046669611097203134 
 33.990797546012274   0.046667071505903844 
  34.01415762151959   0.046663589044000225 
   34.0375176970269   0.046659203447733506 
  34.06087777253421   0.046653955883727824 
 34.084237848041525   0.046647888937457097 
 34.107597923548845   0.046641046597750424 
  34.13095799905616   0.046633474237387194 
  34.15431807456348    0.04662521858980312 
  34.17767815007079    0.04661632772200942 
   34.2010382255781    0.04660685100373387 
 34.224398301085415   0.046596839072919206 
  34.24775837659273   0.046586343797631796 
  34.27111845210005     0.0465754182345063 
  34.29447852760736   0.046564116583823395 
  34.31783860311468    0.04655249414134241 
  34.34119867862199   0.046540607247025356 
 34.364558754129305    0.04652851323077798 
  34.38791882963662    0.04651627035536331 
  34.41127890514393   0.046503937756625174 
  34.43463898065125   0.046491575381196415 
  34.45799905615857    0.04647924392182924 
  34.48135913166588   0.046467004750539484 
 34.504719207173196    0.04645491984971538 
  34.52807928268051    0.04644305174137459 
  34.55143935818782    0.04643146341474276 
  34.57479943369514    0.04642021825232762 
  34.59815950920245   0.046409379954673056 
  34.62151958470977    0.04639901246396057 
 34.644879660217086    0.04638917988664742 
   34.6682397357244   0.046379946415313025 
  34.69159981123171   0.046371376249884286 
 34.714959886739024    0.04636353351841575 
 34.738319962246344    0.04635648219759633 
 34.761680037753656    0.04635028603314001 
 34.785040113260976   0.046345008460222985 
  34.80840018876829    0.04634071252413439 
   34.8317602642756    0.04633746080127191 
 34.855120339782914   0.046335315320642556 
  34.87848041529023    0.04633433748600035 
  34.90184049079755    0.04633458799875402 
  34.92520056630486    0.04633612678177399 
  34.94856064181218   0.046339012904206986 
  34.97192071731949   0.046343304507427054 
 34.995280792826804    0.04634905873220041 
  35.01864086833412    0.04635633164718959 
  35.04200094384143    0.04636517817886711 
  35.06536101934875    0.04637565204291384 
  35.08872109485607   0.046387805677203714 
  35.11208117036338    0.04640169017639791 
 35.135441245870695   0.046417355228259696 
  35.15880132137801    0.04643484905168431 
  35.18216139688532    0.04645421833653393 
  35.20552147239263     0.0464755081852888 
  35.22888154789995    0.04649876205656308 
  35.25224162340727     0.0465240217104894 
 35.275601698914585   0.046551327156019645 
   35.2989617744219    0.04658071660012179 
  35.32232184992921    0.04661222639891906 
  35.34568192543652    0.04664589101075015 
  35.36904200094384    0.04668174295116637 
 35.392402076451155   0.046719812749847545 
 35.415762151958475   0.046760128909462496 
  35.43912222746579    0.04680271786643005 
   35.4624823029731    0.04684760395360522 
  35.48584237848041    0.04689480936486388 
 35.509202453987726     0.0469443541215724 
 35.532562529495046    0.04699625604096391 
  35.55592260500236   0.047050530706360484 
  35.57928268050968    0.04710719143929239 
  35.60264275601699   0.047166249273460484 
   35.6260028315243    0.04722771293056975 
 35.649362907031616   0.047291588798013554 
  35.67272298253893    0.04735788090843248 
  35.69608305804625   0.047426590921126124 
  35.71944313355356    0.04749771810535366 
  35.74280320906088    0.04757125932552283 
 35.766163284568194    0.04764720902828362 
 35.789523360075506    0.04772555923156462 
  35.81288343558282     0.0478062995155646 
  35.83624351109013   0.047889417015734785 
  35.85960358659745    0.04797489641779463 
  35.88296366210477    0.04806271995481991 
 35.906323737612084   0.048152867406445386 
   35.9296838131194    0.04824531610023889 
  35.95304388862671    0.04834004091530597 
  35.97640396413402   0.048437014288162494 
  35.99976403964134    0.04853620622096792 
 36.023124115148654    0.04863758429216873 
 36.046484190655974    0.04874111366961271 
  36.06984426616329   0.048846757126225736 
   36.0932043416706    0.04895447505830016 
  36.11656441717791    0.04906422550649411 
 36.139924492685225    0.04917596417957979 
 36.163284568192545    0.04928964448105343 
  36.18664464369986   0.049405217538643784 
  36.21000471920718    0.04952263223680852 
  36.23336479471449   0.049641835252273836 
   36.2567248702218   0.049762771092693656 
 36.280084945729115    0.04988538213846616 
  36.30344502123643    0.05000960868777676 
  36.32680509674375    0.05013538900490897 
  36.35016517225106    0.05026265937185219 
  36.37352524775838    0.05039135414325185 
  36.39688532326569   0.050521405804721635 
 36.420245398773005    0.05065274503451222 
  36.44360547428032    0.05078530076856284 
  36.46696554978763    0.05091900026891362 
  36.49032562529495    0.05105376919546036 
  36.51368570080227    0.05118953168101282 
  36.53704577630958    0.05132621040963028 
 36.560405851816896    0.05146372669814434 
  36.58376592732421    0.05160200058082832 
  36.60712600283152    0.05174095089710968 
  36.63048607833884    0.05188049538222561 
  36.65384615384615   0.052020550760717287 
  36.67720622935347    0.05216103284261265 
 36.700566304860786   0.052301856622191535 
   36.7239263803681   0.052442936379138175 
  36.74728645587541    0.05258418578193932 
 36.770646531382724    0.05272551799333132 
  36.79400660689004    0.05286684577759717 
 36.817366682397356    0.05300808160952203 
 36.840726757904676   0.053149137784770234 
  36.86408683341199    0.05328992653146707 
   36.8874469089193     0.0534303601227295 
 36.910806984426614    0.05357035098992243 
  36.93416705993393   0.053709811836350374 
  36.95752713544125    0.05384865575115495 
  36.98088721094856    0.05398679632312188 
  37.00424728645588    0.05412414775414483 
  37.02760736196319    0.05426062497204468 
 37.050967437470504    0.05439614374250352 
  37.07432751297782   0.054530620779779285 
  37.09768758848513    0.05466397385598505 
  37.12104766399245     0.0547961219086061 
  37.14440773949977   0.054926985146009334 
  37.16776781500708   0.055056485150664906 
 37.191127890514394   0.055184544979823565 
  37.21448796602171    0.05531108926340049 
  37.23784804152902    0.05543604429880466 
  37.26120811703633    0.05555933814250021 
  37.28456819254365    0.05568090069805608 
  37.30792826805097    0.05580066380048239 
 37.331288343558285    0.05591856129666351 
   37.3546484190656   0.056034529121685855 
  37.37800849457291    0.05614850537091372 
  37.40136857008022    0.05626043036763954 
  37.42472864558754   0.056370246726204366 
 37.448088721094855   0.056477899410437585 
 37.471448796602175    0.05658333578734159 
  37.49480887210949    0.05668650567593229 
   37.5181689476168    0.05678736139118489 
  37.54152902312411   0.056885857783015914 
 37.564889098631426    0.05698195227031175 
 37.588249174138745     0.0570756048699761 
  37.61160924964606    0.05716677822101753 
  37.63496932515338    0.05725543760372167 
  37.65832940066069   0.057341550953919164 
    37.681689476168    0.05742508887248259 
 37.705049551675316    0.05750602463006826 
  37.72840962718263   0.057584334167254767 
  37.75176970268995    0.05765999609015542 
  37.77512977819726    0.05773299166168078 
  37.79848985370458    0.05780330478854004 
  37.82184992921189    0.05787092200418179 
 37.845210004719206    0.05793583244781913 
  37.86857008022652    0.05799802783971075 
  37.89193015573383    0.05805750245291382 
  37.91529023124115   0.058114253081650524 
  37.93865030674847     0.0581682790065479 
 37.962010382255784     0.0582195819568943 
 37.985370457763096     0.0582681660701615 
  38.00873053327041     0.0583140378489802 
  38.03209060877772    0.05835720611579548 
  38.05545068428504    0.05839768196538353 
 38.078810759792354    0.05843547871546531 
 38.102170835299674   0.058470611855614384 
  38.12553091080699   0.058503098994633504 
   38.1488909863143    0.05853295980664508 
  38.17225106182161    0.05856021597602788 
 38.195611137328925    0.05858489114143417 
 38.218971212836244    0.05860701083901553 
  38.24233128834356    0.05862660244505809 
  38.26569136385088   0.058643695118155766 
  38.28905143935819   0.058658319741094415 
   38.3124115148655   0.058670508862548175 
 38.335771590372815    0.05868029663874265 
  38.35913166588013    0.05868771877517994 
  38.38249174138745   0.058692812468532876 
  38.40585181689476    0.05869561634879604 
  38.42921189240208   0.058696170421768515 
  38.45257196790939    0.05869451601194684 
 38.475932043416705   0.058690695705865444 
  38.49929211892402    0.05868475329594149 
  38.52265219443133    0.05867673372485432 
  38.54601226993865    0.05866668303048498 
  38.56937234544597    0.05865464829141867 
  38.59273242095328    0.05864067757303528 
 38.616092496460595    0.05862481987415186 
  38.63945257196791    0.05860712507424957 
  38.66281264747522    0.05858764388122283 
  38.68617272298254    0.05856642777965967 
  38.70953279848985    0.05854352897959209 
  38.73289287399717   0.058519000365723245 
 38.756252949504486     0.0584928954470439 
   38.7796130250118   0.058465268306849005 
  38.80297310051911     0.0584361735530694 
 38.826333176026424    0.05840566626890136 
  38.84969325153374   0.058373801963692344 
 38.873053327041056   0.058340636524017414 
 38.896413402548376    0.05830622616493929 
  38.91977347805569   0.058270627381392354 
    38.943133553563   0.058233896899665794 
 38.966493629070314   0.058196091628949426 
  38.98985370457763   0.058157268612938545 
 39.013213780084946    0.05811748498144588 
  39.03657385559226    0.05807679790204109 
  39.05993393109958    0.05803526453168481 
  39.08329400660689   0.057992941968384656 
 39.106654082114204   0.057949887202849666 
  39.13001415762152    0.05790615707018104 
  39.15337423312883    0.05786180820162966 
  39.17673430863615     0.0578168969764142 
  39.20009438414347   0.057771479473687916 
  39.22345445965078    0.05772561142466358 
 39.246814535158094    0.05767934816496764 
  39.27017461066541   0.057632744587286885 
  39.29353468617272    0.05758585509438146 
  39.31689476168003    0.05753873355251906 
  39.34025483718735    0.05749143324545742 
  39.36361491269467     0.0574440068290205 
 39.386974988201985     0.0573965062863977 
   39.4103350637093    0.05734898288425397 
  39.43369513921661    0.05730148712977169 
  39.45705521472392    0.05725406872871393 
  39.48041529023124    0.05720677654465002 
 39.503775365738555   0.057159658559449954 
 39.527135441245875   0.057112761835170084 
  39.55049551675319    0.05706613247745405 
   39.5738555922605    0.05701981560056542 
  39.59721566776781     0.0569738552942089 
 39.620575743275126   0.056928294592205234 
 39.643935818782445    0.05688317544320509 
  39.66729589428976    0.05683853868351018 
  39.69065596979708    0.05679442401215933 
  39.71401604530439   0.056750869968367056 
   39.7373761208117    0.05670791391143276 
 39.760736196319016     0.0566655920032213 
  39.78409627182633   0.056623939193325194 
  39.80745634733365    0.05658298920698696 
  39.83081642284096   0.056542774535867577 
  39.85417649834828   0.056503326431747616 
  39.87753657385559   0.056464674903225855 
 39.900896649362906    0.05642684871547081 
  39.92425672487022    0.05638987539308644 
  39.94761680037753    0.05635378122611091 
  39.97097687588485    0.05631859127922358 
  39.99433695139217     0.0562843294041303 
 40.017697026899484    0.05625101825516609 
 40.041057102406796    0.05621867930812165 
  40.06441717791411    0.05618733288224309 
  40.08777725342142    0.05615699816542766 
  40.11113732892874    0.05612769324254886 
 40.134497404436054   0.056099435126870496 
 40.157857479943374    0.05607223979449319 
  40.18121755545069    0.05604612222177101 
    40.204577630958    0.05602109642557671 
  40.22793770646531    0.05599717550638673 
 40.251297781972625    0.05597437169401856 
 40.274657857479944    0.05595269639592231 
  40.29801793298726    0.05593216024791158 
  40.32137800849458   0.055912773167176355 
  40.34473808400189    0.05589454440743423 
   40.3680981595092    0.05587748261605179 
 40.391458235016515    0.05586159589296674 
  40.41481831052383    0.05584689185123332 
  40.43817838603115   0.055833377678999034 
  40.46153846153846    0.05582106020269955 
  40.48489853704578   0.055809945951286896 
  40.50825861255309    0.05580004122124362 
 40.531618688060405    0.05579135214219905 
  40.55497876356772    0.05578388474287822 
  40.57833883907503   0.055777645017159656 
  40.60169891458235    0.05577263899002486 
  40.62505899008967    0.05576887278310819 
  40.64841906559698    0.05576635267963473 
 40.671779141104295   0.055765085188466186 
  40.69513921661161    0.05576507710701888 
  40.71849929211892    0.05576633558277316 
  40.74185936762624   0.055768868173128844 
  40.76521944313355    0.05577268290335676 
  40.78857951864087   0.055777788322349475 
 40.811939594148186    0.05578419355595984 
   40.8352996696555    0.05579190835764316 
  40.85865974516281    0.05580094315615181 
  40.88201982067012   0.055811309100058076 
  40.90537989617744    0.05582301809883488 
 40.928739971684756    0.05583608286026434 
 40.952100047192076    0.05585051692397487 
  40.97546012269939    0.05586633469083115 
   40.9988201982067   0.055883551448025925 
 41.022180273714014   0.055902183389618186 
 41.045540349221326   0.055922247632367104 
 41.068900424728646    0.05594376222665457 
  41.09226050023596    0.05596674616234958 
  41.11562057574328    0.05599121936944535 
  41.13898065125059    0.05601720271335011 
 41.162340726757904    0.05604471798468648 
  41.18570080226522    0.05607378788350809 
  41.20906087777253   0.056104435997845106 
  41.23242095327985    0.05613668677649043 
  41.25578102878717    0.05617056549599305 
  41.27914110429448     0.0562060982218186 
 41.302501179801794    0.05624331176364159 
  41.32586125530911    0.05628223362481316 
  41.34922133081642   0.056322891946005545 
  41.37258140632373    0.05636531544307613 
  41.39594148183105    0.05640953333924443 
  41.41930155733837   0.056455575291650864 
 41.442661632845684   0.056503471312414726 
    41.466021708353    0.05655325168435299 
  41.48938178386031     0.0566049468714648 
  41.51274185936762    0.05665858742442384 
  41.53610193487494    0.05671420388122181 
 41.559462010382255    0.05677182666323278 
 41.582822085889575    0.05683148596692048 
  41.60618216139689    0.05689321165145561 
   41.6295422369042    0.05695703312253638 
  41.65290231241151    0.05702297921271821 
 41.676262387918825   0.057091078058579714 
 41.699622463426145    0.05716135697506044 
  41.72298253893346    0.05723384232733661 
  41.74634261444078    0.05730855940063074 
  41.76970268994809    0.05738553226832272 
   41.7930627654554    0.05746478365878042 
 41.816422840962716   0.057546334821340105 
  41.83978291647003    0.05763020539185952 
  41.86314299197735    0.05771641325828865 
  41.88650306748466    0.05780497442671437 
  41.90986314299198    0.05789590288833024 
  41.93322321849929    0.05798921048780769 
 41.956583294006606    0.05808490679351796 
  41.97994336951392   0.058182998970099375 
  42.00330344502124    0.05828349165382783 
  42.02666352052855    0.05838638683124499 
 42.050023596035864    0.05849168372154087 
  42.07338367154318    0.05859937866313607 
 42.096743747050496    0.05870946500489788 
  42.12010382255781    0.05882193300247268 
  42.14346389806512    0.05893676972013683 
  42.16682397357244   0.059053958938605024 
 42.190184049079754    0.05917348106917795 
  42.21354412458707    0.05929531307466051 
 42.236904200094386    0.05941942839737273 
   42.2602642756017   0.059545796894642906 
  42.28362435110901    0.05967438478208467 
  42.30698442661633   0.059805154584987245 
 42.330344502123644    0.05993806509809079 
  42.35370457763096    0.06007307135398924 
  42.37706465313827   0.060210124600420974 
  42.40042472864559    0.06034917228660868 
   42.4237848041529    0.06049015805884827 
 42.447144879660215    0.06063302176546954 
 42.470504955167534   0.060777699471288936 
  42.49386503067485    0.06092412348161242 
  42.51722510618216    0.06107222237584033 
  42.54058518168948    0.06122192105068579 
  42.56394525719679   0.061373140772990366 
 42.587305332704105     0.0615257992420344 
  42.61066540821142    0.06167981066131462 
  42.63402548371874    0.06183508581961114 
  42.65738555922605    0.06199153218120156 
  42.68074563473336    0.06214905398502576 
  42.70410571024068    0.06230755235259571 
 42.727465785747995   0.062466925404342316 
  42.75082586125531     0.0626270683841705 
  42.77418593676262     0.0627878737918544 
  42.79754601226994    0.06294923152295806 
  42.82090608777725     0.0631110290158825 
 42.844266163284566    0.06327315140564845 
 42.867626238791885     0.0634354816839875 
   42.8909863142992    0.06359790086528551 
  42.91434638980651     0.0637602881579119 
  42.93770646531383    0.06392252114044165 
  42.96106654082114    0.06408447594225768 
 42.984426616328456    0.06424602742801236 
  43.00778669183577    0.06440704938540413 
  43.03114676734309     0.0645674147157311 
   43.0545068428504    0.06472699562664712 
 43.077866918357714    0.06488566382655428 
  43.10122699386503     0.0650432907200722 
 43.124587069372346     0.0651997476040063 
  43.14794714487966    0.06535490586321552 
  43.17130722038697    0.06550863716584747 
  43.19466729589429    0.06566081365734287 
 43.218027371401604    0.06581130815264918 
  43.24138744690892    0.06595999432609369 
 43.264747522416236    0.06610674689838496 
  43.28810759792355    0.06625144182018021 
  43.31146767343086     0.0663939564517399 
  43.33482774893818    0.06653416973814219 
 43.358187824445494     0.0666719623795854 
  43.38154789995281     0.0668072169963251 
  43.40490797546012    0.06693981828780475 
  43.42826805096744    0.06706965318556055 
  43.45162812647475    0.06719661099950971 
 43.474988201982065    0.06732058355728197 
 43.498348277489384    0.06744146533622604 
   43.5217083529967    0.06755915358781792 
  43.54506842850401    0.06767354845417325 
  43.56842850401133    0.06778455307642994 
  43.59178857951864    0.06789207369478563 
 43.615148655025955    0.06799601974001297 
  43.63850873053327    0.06809630391628473 
  43.66186880604059    0.06819284227523612 
   43.6852288815479    0.06828555428111638 
  43.70858895705521    0.06837436286705545 
  43.73194903256253    0.06845919448234887 
 43.755309108069845    0.06853997913085136 
  43.77866918357716    0.06861665040045337 
  43.80202925908447    0.06868914548379125 
  43.82538933459179    0.06875740519023733 
   43.8487494100991    0.06882137394933449 
 43.872109485606416    0.06888099980585462 
 43.895469561113735    0.06893623440665539 
  43.91882963662105     0.0689870329795515 
  43.94218971212836    0.06903335430448936 
  43.96554978763568     0.0690751606772303 
  43.98890986314299    0.06911241786591377 
 44.012269938650306    0.06914509506072704 
  44.03563001415762    0.06917316481710667 
  44.05899008966494    0.06919660299274746 
  44.08235016517225    0.06921538867883847 
 44.105710240679564    0.06922950412588055 
  44.12907031618688    0.06923893466448662 
 44.152430391694196      0.069243668621586 
  44.17579046720151    0.06924369723241738 
  44.19915054270882    0.06923901454876394 
  44.22251061821614    0.06922961734382956 
 44.245870693723454    0.06921550501421353 
  44.26923076923077    0.06919667947938982 
 44.292590844738086    0.06917314507913402 
   44.3159509202454    0.06914490846933793 
  44.33931099575271     0.0691119785166084 
  44.36267107126003     0.0690743661920949 
 44.386031146767344    0.06903208446495526 
  44.40939122227466    0.06898514819583813 
  44.43275129778197    0.06893357403080828 
  44.45611137328929    0.06887738029607603 
   44.4794714487966    0.06881658689389021 
 44.502831524303915     0.0687512151999689 
 44.526191599811234    0.06868128796278455 
  44.54955167531855    0.06860682920502593 
  44.57291175082586    0.06852786412755364 
  44.59627182633318     0.0684444190160861 
  44.61963190184049    0.06835652115095248 
 44.642991977347805    0.06826419872005947 
  44.66635205285512     0.0681674807353685 
  44.68971212836244    0.06806639695303464 
  44.71307220386975    0.06796097779740214 
  44.73643227937706    0.06785125428899194 
  44.75979235488438    0.06773725797661709 
 44.783152430391695    0.06761902087374178 
  44.80651250589901    0.06749657539913789 
  44.82987258140632     0.0673699543219203 
  44.85323265691364    0.06723919071098826 
  44.87659273242095    0.06710431788888864 
 44.899952807928265     0.0669653693900775 
 44.923312883435585    0.06682237892358155 
   44.9466729589429    0.06667538033996738 
  44.97003303445021    0.06652440760257916 
  44.99339310995753     0.0663694947629381 
  45.01675318546484    0.06621067594019833 
 45.040113260972156     0.0660479853045369 
  45.06347333647947    0.06588145706431578 
  45.08683341198679    0.06571112545689521 
   45.1101934874941    0.06553702474287927 
  45.13355356300141    0.06535918920365624 
  45.15691363850873    0.06517765314199346 
 45.180273714016046    0.06499245088552166 
  45.20363378952336    0.06480361679285632 
  45.22699386503067    0.06461118526216433 
  45.25035394053799    0.06441519074193158 
 45.273714016045304     0.0642156677437117 
 45.297074091552616    0.06401265085659397 
 45.320434167059936    0.06380617476319646 
  45.34379424256725    0.06359627425691462 
  45.36715431807456    0.06338298426020252 
  45.39051439358188    0.06316633984365772 
 45.413874469089194    0.06294637624567385 
  45.43723454459651    0.06272312889244895 
  45.46059462010382   0.062496633418129034 
  45.48395469561114   0.062266925684875116 
  45.50731477111845    0.06203404180266243 
 45.530674846625764    0.06179801814863202 
 45.554034922133084   0.061558891385788315 
   45.5773949976404    0.06131669848091959 
  45.60075507314771   0.061071476721545837 
  45.62411514865503   0.060823263731794336 
  45.64747522416234     0.0605720974870574 
 45.670835299669655   0.060318016327322366 
  45.69419537517697   0.060061058969087554 
  45.71755545068429    0.05980126451578546 
   45.7409155261916    0.05953867246664707 
  45.76427560169891    0.05927332272394883 
  45.78763567720623    0.05900525559863853 
 45.810995752713545    0.05873451181428681 
  45.83435582822086   0.058461132509401326 
  45.85771590372817     0.0581851592380795 
  45.88107597923549    0.05790663396905495 
   45.9044360547428    0.05762559908317572 
 45.927796130250115    0.05734209736935031 
 45.951156205757435    0.05705617201905658 
  45.97451628126475   0.056767866619459116 
  45.99787635677206    0.05647722514527185 
  46.02123643227938    0.05618429194940675 
  46.04459650778669    0.05588911175256271 
 46.067956583294006     0.0555917296318534 
  46.09131665880132    0.05529219100859151 
  46.11467673430864   0.054990541635360005 
  46.13803680981595    0.05468682758250298 
  46.16139688532326    0.05438109522416937 
  46.18475696083058   0.054073391224040625 
 46.208117036337896   0.053763762520875384 
  46.23147711184521    0.05345225631401733 
  46.25483718735252     0.0531389200489837 
  46.27819726285984    0.05282380140326133 
 46.301557338367154    0.05250694827245068 
 46.324917413874466    0.05218840875685592 
 46.348277489381786   0.051868231148637006 
   46.3716375648891   0.051546463919632905 
  46.39499764039641    0.05122315570993702 
  46.41835771590373    0.05089835531731975 
 46.441717791411044     0.0505721116875595 
  46.46507786691836   0.050244473905761165 
  46.48843794242567    0.04991549118868036 
  46.51179801793299   0.049585212878132084 
   46.5351580934403    0.04925368843547323 
 46.558518168947614    0.04892096743718574 
 46.581878244454934   0.048587099571558615 
  46.60523831996225    0.04825213463645873 
  46.62859839546956    0.04791612253813678 
  46.65195847097687    0.04757911329106908 
  46.67531854648419    0.04724115701874377 
 46.698678621991505   0.046902303955344615 
  46.72203869749882    0.04656260444824814 
  46.74539877300614    0.04622210896125361 
  46.76875884851345    0.04588086807842763 
  46.79211892402076    0.04553893250848332 
  46.81547899952808   0.045196353089536505 
 46.838839075035395    0.04485318079416059 
  46.86219915054271    0.04450946673455806 
  46.88555922605002    0.04416526216774688 
  46.90891930155734    0.04382061850060658 
  46.93227937706465   0.043475587294630996 
 46.955639452571965   0.043130220270239744 
 46.978999528079285    0.04278456931051578 
   47.0023596035866   0.042438686464195005 
  47.02571967909391    0.04209262394777731 
  47.04907975460123   0.041746434146601404 
  47.07243983010854    0.04140016961476155 
 47.095799905615856   0.041053883073698116 
  47.11915998112317    0.04070762740937276 
  47.14252005663049    0.04036145566786969 
   47.1658801321378    0.04001542104933018 
  47.18924020764511    0.03966957690011779 
  47.21260028315243    0.03932397670310408 
 47.235960358659746    0.03897867406601528 
  47.25932043416706   0.038633722707753435 
  47.28268050967437   0.038289176442645005 
  47.30604058518169    0.03794508916256641 
 47.329400660689004   0.037601514816930345 
 47.352760736196316    0.03725850739050166 
 47.376120811703636    0.03691612087905453 
  47.39948088721095    0.03657440926288016 
  47.42284096271826    0.03623342647818053 
  47.44620103822558    0.03589322638638327 
 47.469561113732894    0.03555386274144207 
  47.49292118924021   0.035215389155193996 
  47.51628126474752     0.0348778590608623 
  47.53964134025484   0.034541325674802795 
  47.56300141576215   0.034205841956601375 
 47.586361491269464    0.03387146056765927 
 47.609721566776784   0.033538233828390454 
   47.6330816422841    0.03320621367418028 
  47.65644171779141    0.03287545161026343 
  47.67980179329872   0.032545998665680996 
  47.70316186880604    0.03221790534649025 
 47.726521944313355    0.03189122158840393 
  47.74988201982067    0.03156599670903307 
  47.77324209532799    0.03124227935993373 
   47.7966021708353   0.030920117478628502 
  47.81996224634261   0.030599558240807845 
  47.84332232184993    0.03028064801288604 
 47.866682397357245    0.02996343230510883 
  47.89004247286456   0.029647955725396958 
  47.91340254837187   0.029334261934103965 
  47.93676262387919    0.02902239359986744 
   47.9601226993865   0.028712392356723234 
 47.983482774893815   0.028404298762650024 
 48.006842850401135   0.028098152259697452 
  48.03020292590845   0.027793991135846022 
  48.05356300141576    0.02749185248873261 
  48.07692307692308   0.027191772191378805 
  48.10028315243039   0.026893784860025596 
 48.123643227937706     0.0265979238241834 
  48.14700330344502   0.026304221098996813 
  48.17036337895234    0.02601270735998688 
  48.19372345445965   0.025723411920252476 
  48.21708352996696   0.025436362710175894 
  48.24044360547428   0.025151586259671392 
 48.263803680981596    0.02486910768300971 
  48.28716375648891    0.02458895066622239 
  48.31052383199622   0.024311137457094567 
  48.33388390750354     0.0240356888577278 
 48.357243983010854    0.02376262421965273 
 48.380604058518166   0.023491961441447776 
 48.403964134025486   0.023223716968824547 
   48.4273242095328   0.022957905797113726 
  48.45068428504011    0.02269454147608719 
  48.47404436054743     0.0224336361170352 
 48.497404436054744   0.022175200402013845 
  48.52076451156206    0.02191924359517044 
  48.54412458706937   0.021665773556039953 
  48.56748466257669    0.02141479675471118 
    48.590844738084    0.02116631828875086 
 48.614204813591314     0.0209203419017683 
 48.637564889098634    0.02067687000350379 
  48.66092496460595    0.02043590369131984 
  48.68428504011326   0.020197442772974347 
  48.70764511562057   0.019961485790557017 
  48.73100519112789    0.01972803004546393 
 48.754365266635205   0.019497071624301497 
  48.77772534214252    0.01926860542559094 
  48.80108541764984    0.01904262518717175 
  48.82444549315715   0.018819123514196425 
  48.84780556866446      0.018598091907605 
  48.87116564417178   0.018379520792990683 
 48.894525719679095   0.018163399549764363 
  48.91788579518641    0.01794971654052644 
  48.94124587069372    0.01773845914057965 
  48.96460594620104   0.017529613767504337 
  48.98796602170835    0.01732316591073692 
 49.011326097215665   0.017119100161098987 
 49.034686172722985     0.0169174002402266 
   49.0580462482303   0.016718049029866993 
  49.08140632373761   0.016521028601003386 
  49.10476639924493   0.016326320242799796 
  49.12812647475224    0.01613390449133469 
 49.151486550259555    0.01594376115812566 
  49.17484662576687   0.015755869358447135 
  49.19820670127419   0.015570207539437669 
   49.2215667767815   0.015386753508019069 
  49.24492685228881   0.015205484458640511 
  49.26828692779613   0.015026377000869723 
 49.291647003303446   0.014849407186869218 
  49.31500707881076   0.014674550538774894 
  49.33836715431807    0.01450178207602436 
  49.36172722982539   0.014331076342668779 
   49.3850873053327   0.014162407434706663 
 49.408447380840016   0.013995749027484431 
 49.431807456347336   0.013831074403202942 
  49.45516753185465   0.013668356478570187 
  49.47852760736196   0.013507567832648457 
  49.50188768286928   0.013348680734921976 
 49.525247758376594   0.013191667173635856 
 49.548607833883906   0.013036498884431187 
  49.57196790939122   0.012883147379310478 
  49.59532798489854   0.012731583975956893 
  49.61868806040585   0.012581779827435104 
 49.642048135913164   0.012433705952284201 
 49.665408211420484   0.012287333265018602 
   49.6887682869278    0.01214263260703952 
  49.71212836243511   0.011999574777958991 
  49.73548843794242   0.011858130567329638 
  49.75884851344974   0.011718270786763135 
 49.782208588957054   0.011579966302421349 
  49.80556866446437   0.011443188067851055 
  49.82892873997169   0.011307907157130287 
    49.852288815479    0.01117409479828171 
  49.87564889098631   0.011041722406910525 
  49.89900896649363   0.010910761620011327 
 49.922369042000945     0.0107811843298822 
  49.94572911750826   0.010652962718084002 
  49.96908919301557   0.010526069289370082 
  49.99244926852289   0.010400476905510613 
   50.0158093440302   0.010276158818930738 
 50.039169419537515   0.010153088706076577 
 50.062529495044835   0.010031240700417856 
  50.08588957055215   0.009910589424996395 
  50.10924964605946   0.009791110024422418 
  50.13260972156678   0.009672778196222984 
  50.15596979707409   0.009555570221441574 
 50.179329872581405   0.009439462994388952 
  50.20268994808872   0.009324434051445663 
  50.22605002359604   0.009210461598814201 
  50.24941009910335   0.009097524539123979 
  50.27277017461066   0.008985602496788545 
  50.29613025011798    0.00887467584202352 
 50.319490325625296   0.008764725713429514 
  50.34285040113261   0.008655734039052258 
  50.36621047663992   0.008547683555836162 
  50.38957055214724     0.0084405578273883 
  50.41293062765455   0.008334341259980125 
 50.436290703161866   0.008229019116714802 
 50.459650778669186   0.008124577529796975 
   50.4830108541765   0.008021003510847908 
  50.50637092968381   0.007918284959213899 
  50.52973100519113   0.007816410668224229 
 50.553091080698444   0.007715370329362573 
 50.576451156205756   0.007615154534320659 
  50.59981123171307   0.007515754774914869 
  50.62317130722039   0.007417163440849139 
   50.6465313827277   0.007319373815320312 
 50.669891458235014   0.007222380068465195 
 50.693251533742334   0.007126177248660547 
  50.71661160924965  0.0070307612716918825 
  50.73997168475696   0.006936128907816984 
  50.76333176026427   0.006842277766754799 
  50.78669183577159   0.006749206280641176 
 50.810051911278904   0.006656913684996417 
  50.83341198678622   0.006565399997758781 
  50.85677206229354   0.006474665996444541 
  50.88013213780085   0.006384713193499493 
  50.90349221330816   0.006295543809915178 
  50.92685228881548   0.006207160747186199 
 50.950212364322795   0.006119567557692963 
  50.97357243983011    0.00603276841359534 
  50.99693251533742   0.005946768074330059 
  51.02029259084474   0.005861571852806769 
  51.04365266635205    0.00577718558040196 
 51.067012741859365   0.005693615570852336 
 51.090372817366685   0.005610868583151572 
    51.113732892874    0.00552895178355769 
  51.13709296838131   0.005447872706817609 
  51.16045304388863   0.005367639216719407 
  51.18381311939594   0.005288259466080917 
 51.207173194903255    0.00520974185628532 
  51.23053327041057   0.005132094996473678 
  51.25389334591789    0.00505532766250362 
   51.2772534214252      0.004979448755783 
  51.30061349693251   0.004904467262085932 
  51.32397357243983   0.004830392210456755 
 51.347333647947146   0.004757232632306129 
  51.37069372345446   0.004684997520800621 
  51.39405379896177  0.0046136957906455734 
  51.41741387446909   0.004543336238356653 
   51.4407739499764   0.004473927503115449 
 51.464134025483716   0.004405478028297565 
 51.487494100991036   0.004337996023761462 
  51.51085417649835  0.0042714894289814604 
  51.53421425200566   0.004205965877104471 
  51.55757432751298   0.004141432660006636 
 51.580934403020294   0.004077896694422711 
 51.604294478527606   0.004015364489215548 
  51.62765455403492   0.003953842113850786 
  51.65101462954224   0.003893335168136962 
  51.67437470504955   0.003833848753286849 
 51.697734780556864  0.0037753874443523655 
 51.721094856064184  0.0037179552640813824 
   51.7444549315715   0.003661555658240073 
  51.76781500707881   0.003606191472441281 
  51.79117508258612   0.003551864930514326 
  51.81453515809344  0.0034985776144487732 
 51.837895233600754   0.003446330445940885 
  51.86125530910807  0.0033951236695657014 
  51.88461538461539  0.0033449568375978223 
   51.9079754601227  0.0032958287964954184 
  51.93133553563001   0.003247737675063184 
  51.95469561113733  0.0032006808743027496 
 51.978055686644645  0.0031546550589586176 
  52.00141576215196   0.003109656150761201 
  52.02477583765927  0.0030656793233691058 
  52.04813591316659   0.003022718999005904 
   52.0714959886739  0.0029807688467865653 
 52.094856064181215  0.0029398217827236684 
 52.118216139688535  0.0028998699714018546 
  52.14157621519585  0.0028609048293057756 
  52.16493629070316  0.0028229170297837426 
  52.18829636621048  0.0027858965096268142 
  52.21165644171779   0.002749832477241099 
 52.235016517225105  0.0027147134223868305 
  52.25837659273242  0.0026805271274572226 
  52.28173666823974  0.0026472606802662503 
  52.30509674374705   0.002614900488312721 
  52.32845681925436   0.002583432294485341 
  52.35181689476168  0.0025528411941718615 
 52.375176970268996   0.002523111653731912 
  52.39853704577631  0.0024942275302923416 
  52.42189712128362   0.002466172092820456 
  52.44525719679094  0.0024389280444292822 
  52.46861727229825   0.002412477545866617 
 52.491977347805566   0.002386802240137306 
 52.515337423312886    0.00236188327820663 
   52.5386974988202   0.002337701345730874 
  52.56205757432751   0.002314236690758062 
  52.58541764983483  0.0022914691523420344 
 52.608777725342144  0.0022693781900090496 
 52.632137800849456  0.0022479429140163263 
  52.65549787635677  0.0022271421163386385 
  52.67885795186409  0.0022069543023187626 
   52.7022180273714  0.0021873577229156015 
 52.725578102878714  0.0021683304074816036 
 52.748938178386034   0.002149850197001653 
  52.77229825389335   0.002131894777722283 
  52.79565832940066  0.0021144417151004007 
  52.81901840490797   0.002097468487999001 
  52.84237848041529   0.002080952523056727 
 52.865738555922604    0.00206487122915741 
  52.88909863142992   0.002049202031924685 
  52.91245870693724  0.0020339224081668615 
  52.93581878244455  0.0020190099201966463 
  52.95917885795186   0.002004442249949999 
  52.98253893345918   0.001990197232828492 
 53.005899008966495   0.001976252891190078 
  53.02925908447381   0.001962587467412795 
  53.05261915998112  0.0019491794564570882 
  53.07597923548844  0.0019360076378529953 
  53.09933931099575  0.0019230511070391007 
 53.122699386503065  0.0019102893059815703 
 53.146059462010385  0.0018977020530027912 
   53.1694195375177   0.001885269571750846 
  53.19277961302501  0.0018729725192422012 
  53.21613968853233   0.001860792012912694 
  53.23949976403964  0.0018487096566136502 
 53.262859839546955  0.0018367075654921053 
  53.28621991505427  0.0018247683896973276 
  53.30957999056159  0.0018128753368575744 
   53.3329400660689    0.00180101219327535 
  53.35630014157621  0.0017891633437910983 
  53.37966021708353  0.0017773137902696468 
 53.403020292590845  0.0017654491686671114 
  53.42638036809816  0.0017535557646387978 
  53.44974044360547  0.0017416205276538652 
  53.47310051911279  0.0017296310835853204 
   53.4964605946201  0.0017175757457485806 
 53.519820670127416  0.0017054435243663963 
 53.543180745634736  0.0016932241344412922 
  53.56654082114205  0.0016809080020227486 
  53.58990089664936  0.0016684862688591065 
  53.61326097215668  0.0016559507954304496 
  53.63662104766399  0.0016432941623624178 
 53.659981123171306  0.0016305096702257718 
  53.68334119867862  0.0016175913377318965 
  53.70670127418594    0.00160453389833833 
  53.73006134969325  0.0015913327952837707 
 53.753421425200564  0.0015779841750764988 
 53.776781500707884  0.0015644848794648253 
 53.800141576215196  0.0015508324359227446 
  53.82350165172251   0.001537025046688445 
  53.84686172722982   0.001523061576397885 
  53.87022180273714  0.0015089415383595596 
 53.893581878244454  0.0014946650795210044 
  53.91694195375177  0.0014802329641814256 
  53.94030202925909   0.001465646556508362 
   53.9636621047664   0.001450907801920288 
  53.98702218027371  0.0014360192073999373 
  54.01038225578103   0.001420983820806519 
 54.033742331288344  0.0014058052092578428 
  54.05710240679566   0.001390487436655662 
  54.08046248230297  0.0013750350404303994 
  54.10382255781029  0.0013594530075826331 
   54.1271826333176   0.001343746750101847 
 54.150542708824915  0.0013279220798423546 
 54.173902784332235  0.0013119851829395631 
  54.19726285983955  0.0012959425938490904 
  54.22062293534686   0.001279801169092281 
  54.24398301085418   0.001263568060791891 
  54.26734308636149    0.00124725069008138 
 54.290703161868805  0.0012308567204707876 
  54.31406323737612  0.0012143940312514597 
  54.33742331288344  0.0011978706910207276 
  54.36078338839075  0.0011812949314062026 
  54.38414346389806  0.0011646751210675134 
  54.40750353940538  0.0011480197400515124 
 54.430863614912695  0.0011313373545743957 
  54.45422369042001  0.0011146365923017034 
  54.47758376592732  0.0010979261181943206 
  54.50094384143464  0.0010812146109853214 
  54.52430391694195  0.0010645107403494743 
 54.547663992449266  0.0010478231448230956 
 54.571024067956586  0.0010311604105288105 
   54.5943841434639  0.0010145310507553473 
  54.61774421897121  0.0009979434864384833 
  54.64110429447853  0.0009814060275851624 
  54.66446436998584  0.0009649268556781617 
 54.687824445493156  0.0009485140070943179 
  54.71118452100047  0.0009321753575647918 
  54.73454459650779  0.0009159186077011235 
   54.7579046720151  0.0008997512696061889 
 54.781264747522414  0.0008836806545844837 
 54.804624823029734  0.0008677138619615383 
 54.827984898537046  0.0008518577690175725 
  54.85134497404436  0.0008361190220358389 
  54.87470504955167  0.0008205040284617758 
  54.89806512505899  0.0008050189501644616 
 54.921425200566304  0.0007896696977876634 
  54.94478527607362  0.0007744619261736053 
  54.96814535158094  0.0007594010308383799 
  54.99150542708825  0.0007444921454744409 
  55.01486550259556  0.0007297401404513866 
  55.03822557810288  0.0007151496222833655 
 55.061585653610194  0.0007007249340276908 
  55.08494572911751  0.0006864701565764524 
  55.10830580462482  0.0006723891108000952 
  55.13166588013214  0.0006584853604992983 
  55.15502595563945   0.000644762216119254 
 55.178386031146765  0.0006312227391782689 
 55.201746106654085  0.0006178697473611851 
   55.2251061821614  0.0006047058202260628 
  55.24846625766871  0.0005917333054718723 
  55.27182633317603   0.000578954325713625 
  55.29518640868334  0.0005663707857108762 
 55.318546484190655  0.0005539843799949886 
  55.34190655969797   0.000541796600840491 
  55.36526663520529  0.0005298087465259835 
   55.3886267107126  0.0005180219298302788 
  55.41198678621991  0.0005064370867102406 
  55.43534686172723  0.0004950549851075956 
 55.458706937234545  0.0004838762338330419 
  55.48206701274186  0.0004729012914772955 
  55.50542708824917 0.00046213047530032725 
  55.52878716375649 0.00045156397005163194 
   55.5521472392638 0.00044120183667638085 
 55.575507314771116  0.0004310440208642985 
 55.598867390278436  0.0004210903614003789 
  55.62222746578575  0.0004113405982790125 
  55.64558754129306  0.0004017943805453053 
  55.66894761680038  0.0003924512738303781 
  55.69230769230769  0.0003833107675498275 
 55.715667767815006  0.0003743722817374145 
  55.73902784332232  0.0003656351734889731 
  55.76238791882964  0.0003570987429942687 
  55.78574799433695  0.0003487622391376395 
 55.809108069844264  0.0003406248646510199 
 55.832468145351584 0.00033268578080612054 
 55.855828220858896  0.0003249441116352253 
  55.87918829636621   0.000317398947673195 
  55.90254837187352 0.00031004934921604943 
  55.92590844738084 0.00030289434909432664 
 55.949268522888154 0.00029593295496222464 
  55.97262859839547  0.0002891641511061525 
  55.99598867390279  0.0002825868997790305 
   56.0193487494101  0.0002762001420690886 
  56.04270882491741  0.0002700027983143444 
  56.06606890042473  0.0002639937680762973 
 56.089428975932044  0.0002581719296884592 
  56.11278905143936 0.00025253613939743477 
  56.13614912694667  0.0002470852301161823 
  56.15950920245399 0.00024181800981083396 
   56.1828692779613 0.00023673325954410275 
 56.206229353468615  0.0002318297311997652 
 56.229589428975935 0.00022710614491407678 
  56.25294950448325  0.0002225611862411244 
  56.27630957999056  0.0002181935030801586 
  56.29966965549788 0.00021400170239383777 
  56.32302973100519  0.0002099843467470226 
 56.346389806512505 0.00020613995069630888 
  56.36974988201982  0.0002024669770609539 
  56.39310995752714 0.00019896383310606252 
  56.41647003303445 0.00019562886666904414 
  56.43983010854176 0.00019246036226032304 
  56.46319018404908 0.00018945653716911554 
 56.486550259556395  0.0001866155376047695 
  56.50991033506371 0.00018393543490373537 
  56.53327041057102 0.00018141422183169404 
  56.55663048607834  0.0001790498090095966 
  56.57999056158565 0.00017684002149168026 
 56.603350637092966 0.00017478259552247466 
 56.626710712600286 0.00017287517549890153 
   56.6500707881076 0.00017111531116235627 
  56.67343086361491  0.0001695004550444605 
  56.69679093912223 0.00016802796018891352 
  56.72015101462954  0.0001666950781703603 
 56.743511090136856  0.0001654989574298436 
  56.76687116564417  0.0001644366419448242 
  56.79023124115149 0.00016350507025008777 
   56.8135913166588  0.0001627010748243335 
 56.836951392166114 0.00016202138185540338 
 56.860311467673434  0.0001614626113954588 
 56.883671543180746 0.00016102127791557861 
  56.90703161868806 0.00016069379126746285 
  56.93039169419537 0.00016047645805810818 
  56.95375176970269  0.0001603654834414515 
 56.977111845210004 0.00016035697332914743 
  57.00047192071732 0.00016044693702078344 
  57.02383199622464  0.0001606312902520287 
  57.04719207173195 0.00016090585865728425 
  57.07055214723926  0.0001612663816417279 
  57.09391222274658 0.00016170851665572343 
 57.117272298253894 0.00016222784386290477 
  57.14063237376121   0.000162819871191474 
  57.16399244926852  0.0001634800397565997 
  57.18735252477584 0.00016420372964018445 
  57.21071260028315 0.00016498626601265136 
 57.234072675790465 0.00016582292557998273 
 57.257432751297785 0.00016670894333771144 
   57.2807928268051 0.00016763951961225334 
  57.30415290231241 0.00016860982736865336 
  57.32751297781973 0.00016961501976261808 
  57.35087305332704 0.00017065023791357442 
 57.374233128834355 0.00017171061887447114 
  57.39759320434167 0.00017279130377309066 
  57.42095327984899  0.0001738874460988044 
   57.4443133553563  0.0001749942201079617 
  57.46767343086361 0.00017610682932047466 
  57.49103350637093 0.00017722051507962396 
 57.514393581878245  0.0001783305651466986 
  57.53775365738556 0.00017943232230178608 
  57.56111373289287 0.00018052119292181467 
  57.58447380840019 0.00018159265550689156 
   57.6078338839075 0.00018264226912600987 
 57.631193959414816 0.00018366568175334818 
 57.654554034922135  0.0001846586384666532 
  57.67791411042945 0.00018561698947957894 
  57.70127418593676 0.00018653669798035077 
  57.72463426144408 0.00018741384774972626 
  57.74799433695139  0.0001882446505319379 
 57.771354412458706 0.00018902545313313228 
  57.79471448796602 0.00018975274422273745 
  57.81807456347334 0.00019042316081421877 
  57.84143463898065 0.00019103349440280647 
 57.864794714487964 0.00019158069673899498 
  57.88815478999528 0.00019206188521790147 
 57.911514865502596 0.00019247434786596708 
  57.93487494100991  0.0001928155479079345 
  57.95823501651722 0.00019308312789856314 
  57.98159509202454 0.00019327491340512934 
 58.004955167531854 0.00019338891622841485 
  58.02831524303917 0.00019342333715156835 
 58.051675318546486 0.00019337656820797705 
   58.0750353940538 0.00019324719446104117 
  58.09839546956111  0.0001930339952905541 
  58.12175554506843 0.00019273594518219906 
 58.145115620575744 0.00019235221401850603 
  58.16847569608306 0.00019188216687143495 
  58.19183577159037 0.00019132536329858127 
  58.21519584709769 0.00019068155614680184 
    58.238555922605 0.00018995068986885546 
 58.261915998112315  0.0001891328983603976 
 58.285276073619634 0.00018822850232640194 
  58.30863614912695 0.00018723800618774498 
  58.33199622463426 0.00018616209454031522 
  58.35535630014157 0.00018500162818057064 
  58.37871637564889 0.00018375763971296147 
 58.402076451156205 0.00018243132875605825 
  58.42543652666352 0.00018102405676556255 
  58.44879660217084   0.000179537341493644 
  58.47215667767815 0.00017797285110520659 
  58.49551675318546 0.00017633239797275934 
  58.51887682869278 0.00017461793217255005 
 58.542236904200095 0.00017283153470547835 
  58.56559697970741 0.00017097541046707214 
  58.58895705521472 0.00016905188099148035 
  58.61231713072204 0.00016706337699495957 
  58.63567720622935 0.00016501243074478462 
 58.659037281736666 0.00016290166827981898 
 58.682397357243985 0.00016073380150920382 
   58.7057574327513 0.00015851162021571195 
  58.72911750825861 0.00015623798399028404 
  58.75247758376593 0.00015391581412416955 
  58.77583765927324 0.00015154808548482773 
 58.799197734780556 0.00014913781840141522 
  58.82255781028787 0.00014668807058525174 
  58.84591788579519 0.00014420192911009655 
   58.8692779613025   0.000141682502476446 
 58.892638036809814  0.0001391329127833137 
  58.91599811231713 0.00013655628803016683 
 58.939358187824446  0.0001339557545707792 
  58.96271826333176 0.00013133442973978438 
  58.98607833883907 0.00012869541467170354 
  59.00943841434639 0.00012604178733108737 
 59.032798489853704  0.0001233765957712757 
  59.05615856536102 0.00012070285163805104 
 59.079518640868336 0.00011802352393323416 
  59.10287871637565 0.00011534153305195982 
  59.12623879188296 0.00011265974510605438 
  59.14959886739028  0.0001099809665446134 
 59.172958942897594 0.00010730793908150338 
  59.19631901840491 0.00010464333493813843 
  59.21967909391222 0.00010198975240854222 
  59.24303916941954  9.934971175230691e-05 
  59.26639924492685  9.672565141973131e-05 
 59.289759320434165  9.411992461205395e-05 
 59.313119395941484    9.1534796178417e-05 
   59.3364794714488  8.897243984987339e-05 
  59.35983954695611  8.643493580950764e-05 
  59.38319962246342  8.392426859653372e-05 
  59.40655969797074  8.144232534104059e-05 
 59.429919773478055  7.899089432494587e-05 
  59.45327984898537  7.657166386362635e-05 
  59.47663992449269   7.41862215016936e-05 
               59.5  7.183605351540991e-05 
