|bandpass_frequency|       bandpass_weights|
|            double|                 double|
|               GHz|                       |
|              null|                   null|
               10.0   1.468253801499726e-15 
 10.023360075507314  1.7380984198797215e-15 
 10.046720151014629  2.0564181287206364e-15 
 10.070080226521945  2.4317129760433183e-15 
  10.09344030202926   2.873935594048458e-15 
 10.116800377536574  3.3947326842032025e-15 
 10.140160453043888   4.007725473573418e-15 
 10.163520528551203    4.72883523220659e-15 
 10.186880604058517   5.576660859984345e-15 
 10.210240679565834    6.57291660323933e-15 
 10.233600755073148   7.742939165054448e-15 
 10.256960830580462   9.116274849491104e-15 
 10.280320906087777  1.0727358952697383e-14 
 10.303680981595091  1.2616301409713908e-14 
 10.327041057102408   1.482979475505381e-14 
 10.350401132609722  1.7422162791896668e-14 
 10.373761208117037  2.0456571027503308e-14 
 10.397121283624351  2.4006422964524723e-14 
 10.420481359131665  2.8156969788100724e-14 
  10.44384143463898  3.3007164911865395e-14 
 10.467201510146296   3.867179930388835e-14 
  10.49056158565361   4.528395857550456e-14 
 10.513921661160925  5.2997848559614326e-14 
  10.53728173666824   6.199204261751649e-14 
 10.560641812175554   7.247321129240134e-14 
  10.58400188768287   8.468040328239673e-14 
 10.607361963190185   9.888995615897835e-14 
 10.630722038697499   1.154211259439022e-13 
 10.654082114204813   1.346425367324034e-13 
 10.677442189712128  1.5697956518206314e-13 
 10.700802265219442  1.8292279006512816e-13 
 10.724162340726759   2.130376544184057e-13 
 10.747522416234073  2.4797550735381906e-13 
 10.770882491741387  2.8848621457563087e-13 
 10.794242567248702  3.3543255137697665e-13 
 10.817602642756016   3.898066196808271e-13 
 10.840962718263333   4.527485619051202e-13 
 10.864322793770647   5.255678794643653e-13 
 10.887682869277961   6.097677030071372e-13 
 10.911042944785276   7.070724055146604e-13 
  10.93440302029259   8.194589986839006e-13 
 10.957763095799905   9.491928081785626e-13 
 10.981123171307221  1.0988679850034075e-12 
 11.004483246814535  1.2714534791561177e-12 
  11.02784332232185  1.4703451786255733e-12 
 11.051203397829164  1.6994250026002468e-12 
 11.074563473336479   1.963127833376879e-12 
 11.097923548843795   2.266517277961612e-12 
  11.12128362435111  2.6153713688753823e-12 
 11.144643699858424  3.0162794454651966e-12 
 11.168003775365738   3.476751603453483e-12 
 11.191363850873053   4.005342263021157e-12 
 11.214723926380369  4.6117895860570935e-12 
 11.238084001887684  5.3071726730868704e-12 
 11.261444077394998   6.104088691769121e-12 
 11.284804152902312   7.016852333815491e-12 
 11.308164228409627   8.061720268054325e-12 
 11.331524303916941   9.257143556597867e-12 
 11.354884379424256  1.0624051331394639e-11 
 11.378244454931572  1.2186169392765371e-11 
 11.401604530438886  1.3970377793005729e-11 
 11.424964605946201  1.6007111910194124e-11 
 11.448324681453515   1.833081200365855e-11 
  11.47168475696083   2.098042677710782e-11 
 11.495044832468146   2.399997706248309e-11 
  11.51840490797546  2.7439186381735655e-11 
 11.541764983482775  3.1354185849919115e-11 
  11.56512505899009  3.5808301656471076e-11 
 11.588485134497404  4.0872934208028205e-11 
  11.61184521000472  4.6628538941597425e-11 
 11.635205285512034   5.316571982786085e-11 
 11.658565361019349   6.058644768769813e-11 
 11.681925436526663   6.900541664797843e-11 
 11.705285512033978   7.855155337310724e-11 
 11.728645587541294   8.936969513489002e-11 
 11.752005663048608  1.0162245433383858e-10 
 11.775365738555923  1.1549228876918054e-10 
 11.798725814063237    1.31183798782388e-10 
 11.822085889570552  1.4892627438020135e-10 
 11.845445965077866  1.6897651758870382e-10 
  11.86880604058518  1.9162196761117003e-10 
 11.892166116092497   2.171841588711833e-10 
 11.915526191599811  2.4602254473103686e-10 
 11.938886267107126   2.785387225966307e-10 
  11.96224634261444  3.1518109926724286e-10 
 11.985606418121755  3.5645003877558086e-10 
 12.008966493629071   4.029035386045699e-10 
 12.032326569136385  4.5516348407730533e-10 
   12.0556866446437   5.139225349101466e-10 
 12.079046720151014    5.79951702412152e-10 
 12.102406795658329   6.541086806217864e-10 
 12.125766871165645    7.37346999811368e-10 
  12.14912694667296   8.307260762748963e-10 
 12.172487022180274   9.354222381651543e-10 
 12.195847097687588  1.0527408133737137e-09 
 12.219207173194903  1.1841293720723495e-09 
 12.242567248702219  1.3311922235686594e-09 
 12.265927324209532   1.495706274591951e-09 
 12.289287399716848  1.6796383640275006e-09 
 12.312647475224162  1.8851641974770655e-09 
 12.336007550731477  2.1146890138526096e-09 
 12.359367626238791   2.370870125518152e-09 
 12.382727701746106  2.6566414832992678e-09 
 12.406087777253422    2.97524042798243e-09 
 12.429447852760736  3.3302368007417677e-09 
  12.45280792826805   3.725564596261968e-09 
 12.476168003775365  4.1655563541750195e-09 
  12.49952807928268   4.654980496801297e-09 
 12.522888154789996   5.199081834074006e-09 
  12.54624823029731  5.8036254699316216e-09 
 12.569608305804625  6.4749443583739635e-09 
  12.59296838131194   7.219990771778351e-09 
 12.616328456819254   8.046391958956281e-09 
  12.63968853232657   8.962510285765318e-09 
 12.663048607833884    9.97750816685475e-09 
 12.686408683341199  1.1101418113291168e-08 
 12.709768758848513  1.2345218237324733e-08 
 12.733128834355828   1.372091357240107e-08 
 12.756488909863144   1.524162358362036e-08 
 12.779848985370457   1.692167626115598e-08 
 12.803209060877773  1.8776709206589602e-08 
 12.826569136385087  2.0823778139634507e-08 
 12.849929211892402  2.3081473270211804e-08 
 12.873289287399716  2.5570043998235797e-08 
  12.89664936290703  2.8311532420631763e-08 
 12.920009438414347   3.132991614197317e-08 
 12.943369513921661   3.465126090152181e-08 
 12.966729589428976    3.83038835453112e-08 
  12.99008966493629  4.2318525886992594e-08 
 13.013449740443605   4.672854001543836e-08 
 13.036809815950921  5.1570085620288324e-08 
 13.060169891458235   5.688233991858585e-08 
  13.08352996696555   6.270772077628218e-08 
 13.106890042472864   6.909212362728917e-08 
 13.130250117980179   7.608517279997726e-08 
 13.153610193487495   8.374048786608574e-08 
  13.17697026899481   9.211596562984124e-08 
 13.200330344502124  1.0127407837540605e-07 
 13.223690420009438  1.1128218898827065e-07 
 13.247050495516753   1.222128835606757e-07 
 13.270410571024069   1.341443220822959e-07 
 13.293770646531382   1.471606078049316e-07 
 13.317130722038698  1.6135217585360103e-07 
 13.340490797546012  1.7681620163572843e-07 
 13.363850873053327  1.9365702957521811e-07 
 13.387210948560641  2.1198662266804502e-07 
 13.410571024067956   2.319250333211015e-07 
 13.433931099575272   2.536008958954716e-07 
 13.457291175082586   2.771519413290005e-07 
   13.4806512505899  3.0272553416077433e-07 
 13.504011326097215   3.304792322213587e-07 
  13.52737140160453  3.6058136918726703e-07 
 13.550731477111846  3.9321166012588434e-07 
  13.57409155261916   4.285618300774621e-07 
 13.597451628126475  4.6683626563380216e-07 
  13.62081170363379    5.08252689378553e-07 
 13.644171779141104   5.530428569513677e-07 
  13.66753185464842   6.014532763873876e-07 
 13.690891930155734   6.537459492645464e-07 
 13.714252005663049   7.101991330637801e-07 
 13.737612081170363   7.711081240111438e-07 
 13.760972156677678   8.367860595266918e-07 
 13.784332232184994   9.075647392518465e-07 
 13.807692307692307   9.837954634654422e-07 
 13.831052383199623  1.0658498875291377e-06 
 13.854412458706937  1.1541208908244393e-06 
 13.877772534214252  1.2490234584578984e-06 
 13.901132609721566  1.3509955738168282e-06 
  13.92449268522888  1.4604991198572557e-06 
 13.947852760736197  1.5780207867971325e-06 
 13.971212836243511  1.7040729836735996e-06 
 13.994572911750826  1.8391947510025987e-06 
  14.01793298725814  1.9839526715530053e-06 
 14.041293062765455  2.1389417760181294e-06 
  14.06465313827277   2.304786440132047e-06 
 14.088013213780085  2.4821412695435504e-06 
   14.1113732892874  2.6716919685201768e-06 
 14.134733364794714  2.8741561883171264e-06 
 14.158093440302029   3.090284350806311e-06 
 14.181453515809345  3.3208604427249566e-06 
 14.204813591316658   3.566702775669012e-06 
 14.228173666823974   3.828664706727566e-06 
 14.251533742331288   4.107635314431764e-06 
 14.274893817838603   4.404540024477496e-06 
 14.298253893345919  4.7203411794736565e-06 
 14.321613968853232   5.056038546775789e-06 
 14.344974044360548   5.412669758281325e-06 
 14.368334119867862   5.791310675898744e-06 
 14.391694195375177  6.1930756762515115e-06 
 14.415054270882493   6.619117848049493e-06 
 14.438414346389806  7.0706290954493915e-06 
 14.461774421897122   7.548840140641694e-06 
 14.485134497404436    8.05502041883858e-06 
  14.50849457291175   8.590477858806321e-06 
 14.531854648419065   9.156558542079143e-06 
  14.55521472392638   9.754646234021453e-06 
 14.578574799433696  1.0386161779964962e-05 
  14.60193487494101  1.1052562359744274e-05 
 14.625294950448325  1.1755340594091545e-05 
  14.64865502595564  1.2496023496518696e-05 
 14.672015101462954  1.3276171264540054e-05 
  14.69537517697027  1.4097375904336705e-05 
 14.718735252477583  1.4961259683274243e-05 
 14.742095327984899  1.5869473405030847e-05 
 14.765455403492213    1.68236945024878e-05 
 14.788815478999528  1.7825624943981462e-05 
 14.812175554506844  1.8876988949006352e-05 
 14.835535630014157   1.997953051000141e-05 
 14.858895705521473   2.113501071745011e-05 
 14.882255781028787  2.2345204886157838e-05 
 14.905615856536102   2.361189948127771e-05 
 14.928975932043418   2.493688884338543e-05 
  14.95233600755073   2.632197171270746e-05 
 14.975696083058047  2.7768947553436657e-05 
 14.999056158565361   2.927961267997843e-05 
 15.022416234072676  3.0855756187871274e-05 
  15.04577630957999   3.249915569313236e-05 
 15.069136385087305   3.421157288478057e-05 
  15.09249646059462   3.599474889635038e-05 
 15.115856536101935  3.7850399503298077e-05 
  15.13921661160925   3.978021015433081e-05 
 15.162576687116564   4.178583084583515e-05 
 15.185936762623879   4.386887084976149e-05 
 15.209296838131195  4.6030893306515326e-05 
 15.232656913638507   4.827340969561706e-05 
 15.256016989145824   5.059787419811751e-05 
 15.279377064653138  5.3005677965970315e-05 
 15.302737140160453   5.549814331480764e-05 
 15.326097215667769  5.8076517857759554e-05 
 15.349457291175082   6.074196859918033e-05 
 15.372817366682398   6.349557600832889e-05 
 15.396177442189712   6.633832809419137e-05 
 15.419537517697027   6.927111450378783e-05 
 15.442897593204343   7.229472066737369e-05 
 15.466257668711656   7.540982201498005e-05 
 15.489617744218972   7.861697828975325e-05 
 15.512977819726286   8.191662798443193e-05 
   15.5363378952336    8.53090829282052e-05 
 15.559697970740915   8.879452305193507e-05 
  15.58305804624823    9.23729913604563e-05 
 15.606418121755546   9.604438914125304e-05 
  15.62977819726286    9.98084714393261e-05 
 15.653138272770175  0.00010366484282852662 
  15.67649834827749  0.00010761295350983736 
 15.699858423784804   0.0001116520957673527 
  15.72321849929212  0.00011578140081277984 
 15.746578574799432  0.00011999983604915693 
 15.769938650306749   0.0001243062027843599 
 15.793298725814063   0.0001286991344246973 
 15.816658801321378   0.0001331770951782652 
 15.840018876828694   0.0001377383792973401 
 15.863378952336006  0.00014238111088831756 
 15.886739027843323  0.00014710324431660416 
 15.910099103350637   0.0001519025652332339 
 15.933459178857952  0.00015677669224845435 
 15.956819254365268  0.00016172307927642913 
  15.98017932987258   0.0001667390185736948 
 16.003539405379897  0.00017182164449237918 
  16.02689948088721  0.00017696793796753048 
 16.050259556394526  0.00018217473175596627 
 16.073619631901842  0.00018743871644212555 
 16.096979707409155   0.0001927564472241958 
  16.12033978291647   0.0001981243514918177 
 16.143699858423787  0.00020353873720373866 
   16.1670599339311  0.00020899580207216749 
 16.190420009438412  0.00021449164355723024 
  16.21378008494573  0.00022002226967292193 
 16.237140160453045   0.0002255836106027555 
 16.260500235960357  0.00023117153112093812 
 16.283860311467674  0.00023678184381183584 
  16.30722038697499  0.00024241032307763998 
 16.330580462482303  0.00024805271992138375 
  16.35394053798962   0.0002537047774893769 
  16.37730061349693  0.00025936224735434747 
 16.400660689004248   0.0002650209065174367 
  16.42402076451156   0.0002706765751047685 
 16.447380840018877   0.0002763251347307237 
 16.470740915526193   0.0002819625474979888 
 16.494100991033505  0.00028758487560122473 
  16.51746106654082  0.00029318830149869255 
 16.540821142048138  0.00029876914861355636 
  16.56418121755545   0.0003043239025241348 
 16.587541293062763  0.00030984923260001787 
  16.61090136857008    0.000315342014038618 
 16.634261444077396   0.0003207993502548257 
  16.65762151958471    0.000326218595574342 
 16.680981595092025   0.0003315973781795601 
  16.70434167059934  0.00033693362325524145 
 16.727701746106654  0.00034222557627988176 
  16.75106182161397  0.00034747182640732936 
 16.774421897121282    0.000352671329882362 
   16.7977819726286  0.00035782343343300835 
  16.82114204813591  0.00036292789758176464 
 16.844502123643228   0.0003679849198178349 
 16.867862199150544   0.0003729951575719417 
 16.891222274657856    0.000377959750935491 
 16.914582350165173   0.0003828803450664979 
  16.93794242567249   0.0003877591122250904 
   16.9613025011798    0.000392598773381717 
 16.984662576687118   0.0003974026193431053 
  17.00802265219443   0.0004021745313419027 
 17.031382727701747  0.00040691900103681847 
  17.05474280320906   0.0004116411498731527 
 17.078102878716376   0.0004163467477542133 
 17.101462954223692  0.00042104223097716827 
 17.124823029731004   0.0004257347193888778 
  17.14818310523832  0.00043043203271973606 
 17.171543180745637   0.0004351427060570307 
  17.19490325625295   0.0004398760044207813 
 17.218263331760262  0.00044464193641007287 
  17.24162340726758   0.0004494512668893386 
 17.264983482774895   0.0004543155286888749 
 17.288343558282207  0.00045924703329620366 
 17.311703633789524   0.0004642588805197104 
  17.33506370929684  0.00046936496710861964 
 17.358423784804152   0.0004745799943180081 
  17.38178386031147  0.00047991947441113715 
  17.40514393581878  0.00048539973609519214 
 17.428504011326098   0.0004910379288907034 
  17.45186408683341   0.0004968520264388962 
 17.475224162340727   0.0005028608287550005 
 17.498584237848043   0.0005090839634398962 
 17.521944313355355   0.0005155418858657979 
  17.54530438886267   0.0005222558783562933 
 17.568664464369988   0.0005292480483841935 
   17.5920245398773   0.0005365413258148217 
 17.615384615384613   0.0005441594592256455 
  17.63874469089193   0.0005521270113369271 
 17.662104766399246   0.0005604693535911512 
  17.68546484190656   0.0005692126599223353 
 17.708824917413875   0.0005783838997593457 
  17.73218499292119   0.0005880108303100017 
 17.755545068428503   0.0005981219881756865 
  17.77890514393582   0.0006087466803481678 
 17.802265219443132   0.0006199149746431191 
  17.82562529495045   0.0006316576896261539 
  17.84898537045776   0.0006440063840892235 
 17.872345445965077   0.0006569933461368812 
 17.895705521472394   0.0006706515819425341 
 17.919065596979706   0.0006850148042364322 
 17.942425672487023    0.000700117420586829 
  17.96578574799434   0.0007159945215373699 
  17.98914582350165   0.0007326818686623712 
 18.012505899008964    0.000750215882602522 
  18.03586597451628   0.0007686336311427996 
 18.059226050023597   0.0007879728173925591 
  18.08258612553091   0.0008082717681282966 
 18.105946201038225   0.0008295694223566334 
  18.12930627654554   0.0008519053201542127 
 18.152666352052854   0.0008753195918386993 
  18.17602642756017   0.0008998529475232503 
 18.199386503067487   0.0009255466671034314 
   18.2227465785748   0.0009524425907236647 
 18.246106654082112   0.0009805831097664008 
  18.26946672958943   0.0010100111584039307 
 18.292826805096745   0.0010407702057496277 
 18.316186880604057   0.0010729042486407846 
 18.339546956111374    0.001106457805081676 
  18.36290703161869   0.0011414759083709872 
 18.386267107126002   0.0011780041019331955 
 18.409627182633315   0.0012160884348688882 
 18.432987258140635   0.0012557754582347223 
 18.456347333647948   0.0012971122220570746 
  18.47970740915526   0.0013401462730811395 
 18.503067484662576   0.0013849256532492543 
 18.526427560169893   0.0014314988988987814 
 18.549787635677205    0.001479915040664692 
  18.57314771118452   0.0015302236040641859 
 18.596507786691838   0.0015824746107394774 
  18.61986786219915   0.0016367185803265127 
 18.643227937706463   0.0016930065329118027 
  18.66658801321378     0.00175138999203783 
 18.689948088721096   0.0018119209882076987 
  18.71330816422841   0.0018746520628392836 
 18.736668239735724    0.001939636272610161 
  18.76002831524304    0.002006927194133398 
 18.783388390750353    0.002076578928897322 
 18.806748466257666    0.002148646108399277 
 18.830108541764986    0.002223183899399362 
   18.8534686172723    0.002300248009215443 
  18.87682869277961    0.002379894690978211 
 18.900188768286927   0.0024621807487615727 
 18.923548843794244    0.002547163542500143 
 18.946908919301556    0.002634900992603337 
 18.970268994808873   0.0027254515841744383 
  18.99362907031619    0.002818874370738652 
   19.0169891458235    0.002915228977385858 
 19.040349221330814   0.0030145756032291552 
  19.06370929683813   0.0031169750230829775 
 19.087069372345447    0.003222488588261607 
  19.11042944785276    0.003331178226400564 
 19.133789523360075   0.0034431064402033872 
  19.15714959886739    0.003558336305017221 
 19.180509674374704     0.00367693146514166 
  19.20386974988202   0.0037989561287783973 
 19.227229825389337    0.003924475061529729 
  19.25058990089665    0.004053553578357495 
 19.273949976403962    0.004186257533917385 
  19.29731005191128    0.004322653311185759 
 19.320670127418595     0.00446280780830076 
 19.344030202925907    0.004606788423544946 
 19.367390278433223    0.004754663038396508 
  19.39075035394054    0.004906499998587288 
 19.414110429447852    0.005062368093106041 
 19.437470504955165    0.005222336531092568 
 19.460830580462485    0.005386474916574589 
 19.484190655969797   0.0055548532210027285 
  19.50755073147711    0.005727541753549519 
 19.530910806984426    0.005904611129138219 
 19.554270882491743    0.006086132234179926 
 19.577630957999055    0.006272176189999239 
  19.60099103350637    0.006462814313939895 
 19.624351109013688    0.006658118078141315 
    19.647711184521    0.006858159065993554 
 19.671071260028313    0.007063008926274962 
  19.69443133553563    0.007272739324990335 
 19.717791411042946    0.007487421894930341 
 19.741151486550258    0.007707128182981683 
 19.764511562057574    0.007931929595221324 
  19.78787163756489     0.00816189733983667 
 19.811231713072203    0.008397102367917991 
 19.834591788579516    0.008637615312175584 
 19.857951864086836    0.008883506423641482 
  19.88131193959415    0.009134845506415272 
  19.90467201510146    0.009391701850527543 
 19.928032090608777    0.009654144162990168 
 19.951392166116094    0.009922240497113015 
 19.974752241623406    0.010196058180168548 
 19.998112317130722    0.010475663739489752 
  20.02147239263804    0.010761122827090654 
  20.04483246814535    0.011052500142900863 
 20.068192543652664     0.01134985935671084 
  20.09155261915998     0.01165326302892451 
 20.114912694667296    0.011962772530217674 
  20.13827277017461    0.012278447960204688 
 20.161632845681925    0.012600348065219577 
  20.18499292118924    0.012928530155308933 
 20.208352996696554    0.013263050020546728 
  20.23171307220387    0.013603961846778919 
 20.255073147711187    0.013951318130895314 
   20.2784332232185    0.014305169595745189 
 20.301793298725812    0.014665565104797528 
  20.32515337423313    0.015032551576652483 
 20.348513449740445    0.015406173899508366 
 20.371873525247757    0.015786474845699734 
 20.395233600755073     0.01617349498639188 
  20.41859367626239     0.01656727260655908 
 20.441953751769702     0.01696784362032879 
 20.465313827277015    0.017375241486810862 
 20.488673902784335    0.017789497126504055 
 20.512033978291647    0.018210638838386264 
  20.53539405379896    0.018638692217786423 
 20.558754129306276    0.019073680075141913 
 20.582114204813593      0.0195156223557361 
 20.605474280320905    0.019964536060524316 
  20.62883435582822     0.02042043516814166 
 20.652194431335538    0.020883330558191714 
  20.67555450684285     0.02135322993592344 
 20.698914582350163    0.021830137758393625 
  20.72227465785748    0.022314055162215362 
 20.745634733364795    0.022804979892997047 
 20.768994808872108    0.023302906236576482 
 20.792354884379424     0.02380782495215762 
  20.81571495988674    0.024319723207453937 
 20.839075035394053    0.024838584515949492 
 20.862435110901366    0.025364388676391264 
 20.885795186408686    0.025897111714625887 
    20.909155261916     0.02643672582789344 
  20.93251533742331    0.026983199331708452 
 20.955875412930627    0.027536496609437768 
 20.979235488437944    0.028096578064711178 
 21.002595563945256     0.02866340007678297 
 21.025955639452572    0.029236914958990376 
  21.04931571495989    0.029817070920426115 
   21.0726757904672    0.030403812030980006 
 21.096035865974514     0.03099707818986999 
  21.11939594148183     0.03159680509783293 
 21.142756016989146     0.03220292423308873 
  21.16611609249646       0.032815362831254 
 21.189476168003775    0.033434043869341123 
  21.21283624351109     0.03405888605399266 
 21.236196319018404     0.03468980381411354 
  21.25955639452572    0.035326707298047294 
 21.282916470033037    0.035969502375449075 
  21.30627654554035     0.03661809064402007 
 21.329636621047662    0.037272369441236186 
  21.35299669655498    0.037932231861244795 
 21.376356772062294    0.038597566777051805 
 21.399716847569607    0.039268258868174866 
 21.423076923076923    0.039944188653873405 
  21.44643699858424     0.04062523253210847 
 21.469797074091552     0.04131126282435403 
 21.493157149598865     0.04200214782640089 
 21.516517225106185     0.04269775186524039 
 21.539877300613497    0.043397935362144556 
  21.56323737612081     0.04410255490206719 
 21.586597451628126     0.04481146330939835 
 21.609957527135442     0.04552450973019622 
 21.633317602642755     0.04624153972091938 
  21.65667767815007     0.04696239534374451 
 21.680037753657388     0.04768691526845714 
   21.7033978291647     0.04841493488096035 
 21.726757904672013     0.04914628639840145 
  21.75011798017933     0.04988079899088266 
 21.773478055686645    0.050618298909717946 
 21.796838131193958    0.051358609622192984 
 21.820198206701274    0.052101551952738086 
  21.84355828220859     0.05284694423040817 
 21.866918357715903     0.05359460244257225 
 21.890278433223216    0.054344340394635586 
 21.913638508730536     0.05509596987564778 
  21.93699858423785    0.055849300829611134 
  21.96035865974516    0.056604141532252523 
 21.983718735252477     0.05736029877303368 
 22.007078810759793      0.0581175780421394 
 22.030438886267106     0.05887578372214385 
 22.053798961774422      0.0596347192840654 
  22.07715903728174    0.060394187487434255 
  22.10051911278905    0.061153990584066634 
 22.123879188296364    0.061913930525116456 
  22.14723926380368     0.06267380917103005 
 22.170599339310996     0.06343342850395822 
  22.19395941481831     0.06419259084219454 
 22.217319490325625     0.06495109905614586 
  22.24067956583294     0.06570875678539201 
 22.264039641340254     0.06646536865627962 
  22.28739971684757     0.06722074049956235 
 22.310759792354887      0.0679746795675548 
   22.3341198678622      0.0687269947502172 
 22.357479943369512     0.06947749678964872 
 22.380840018876828     0.07022599849239763 
 22.404200094384144     0.07097231493902287 
 22.427560169891457     0.07171626369029498 
 22.450920245398773     0.07245766498949806 
  22.47428032090609     0.07319634196019854 
 22.497640396413402     0.07393212079890446 
 22.521000471920715     0.07466483096204937 
 22.544360547428035     0.07539430534670652 
 22.567720622935347     0.07612038046443398 
  22.59108069844266     0.07684289660775886 
 22.614440773949976     0.07756169800867017 
 22.637800849457292     0.07827663298866737 
 22.661160924964605     0.07898755409976418 
  22.68452100047192      0.0796943182560397 
 22.707881075979238     0.08039678685519412 
  22.73124115148655     0.08109482588971284 
 22.754601226993863      0.0817883060471772 
  22.77796130250118      0.0824771027993808 
 22.801321378008495     0.08316109647985331 
 22.824681453515808     0.08384017234948518 
 22.848041529023124     0.08451422064998756 
  22.87140160453044     0.08518313664488869 
 22.894761680037753     0.08584682064793722 
 22.918121755545066     0.08650517803865944 
 22.941481831052386     0.08715811926504265 
   22.9648419065597      0.0878055598331736 
  22.98820198206701     0.08844742028388634 
 23.011562057574327     0.08908362615637272 
 23.034922133081643     0.08971410793887022 
 23.058282208588956     0.09033880100649691 
 23.081642284096272     0.09095764554643566 
  23.10500235960359     0.09157058647065386 
   23.1283624351109     0.09217757331642137 
 23.151722510618214      0.0927785601349481 
  23.17508258612553     0.09337350536849229 
 23.198442661632846     0.09396237171637323 
  23.22180273714016     0.09454512599026463 
 23.245162812647475     0.09512173895936368 
  23.26852288815479     0.09569218518592333 
 23.291882963662104     0.09625644285174995 
  23.31524303916942     0.09681449357628667 
 23.338603114676737     0.09736632222694397 
  23.36196319018405     0.09791191672242708 
 23.385323265691362     0.09845126782971457 
 23.408683341198678      0.0989843689555392 
 23.432043416705994     0.09951121593311485 
 23.455403492213307      0.1000318068049782 
 23.478763567720623     0.10054614160273054 
  23.50212364322794     0.10105422212461485 
 23.525483718735252     0.10155605171176187 
 23.548843794242565     0.10205163502401793 
 23.572203869749885      0.1025409778162697 
 23.595563945257197     0.10302408671612234 
  23.61892402076451     0.10350096900392165 
 23.642284096271826     0.10397163239594996 
 23.665644171779142     0.10443608483173822 
 23.689004247286455     0.10489433426637663 
  23.71236432279377      0.1053463884686652 
 23.735724398301087     0.10579225482603861 
   23.7590844738084       0.106231940156994 
 23.782444549315713     0.10666545053189949 
  23.80580462482303     0.10709279110295332 
 23.829164700330345     0.10751396594402055 
 23.852524775837658      0.1079289779010467 
 23.875884851344974     0.10833782845373618 
  23.89924492685229      0.1087405175891098 
 23.922605002359603     0.10913704368750815 
 23.945965077866916     0.10952740342157673 
 23.969325153374236     0.10991159166871595 
 23.992685228881548     0.11028960143738879 
  24.01604530438886     0.11066142380766858 
 24.039405379896177      0.1110270478863414 
 24.062765455403493     0.11138646077679254 
 24.086125530910806     0.11173964756385096 
 24.109485606418122     0.11208659131374613 
  24.13284568192544     0.11242727308920733 
  24.15620575743275      0.1127616719796898 
 24.179565832940064     0.11308976514673695 
  24.20292590844738     0.11341152788418928 
 24.226285983954696      0.1137269336932313 
  24.24964605946201     0.11403595437187344 
 24.273006134969325      0.1143385601186035 
  24.29636621047664     0.11463471964982826 
 24.319726285983954     0.11492440033066689 
  24.34308636149127       0.115207568318554 
 24.366446436998586     0.11548418871917303 
   24.3898065125059     0.11575422575405263 
 24.413166588013212     0.11601764293919162 
 24.436526663520528     0.11627440327403202 
 24.459886739027844      0.1165244694399936 
 24.483246814535157     0.11676780400781732 
 24.506606890042473     0.11700436965286128 
  24.52996696554979     0.11723412937755816 
 24.553327041057102     0.11745704674002892 
 24.576687116564415     0.11767308608807268 
 24.600047192071735     0.11788221279749796 
 24.623407267579047     0.11808439351389043 
  24.64676734308636     0.11827959639686368 
 24.670127418593676     0.11846779136571926 
 24.693487494100992     0.11864895034571456 
 24.716847569608305     0.11882304751375541 
  24.74020764511562     0.11899005954267211 
 24.763567720622937     0.11914996584307806 
  24.78692779613025      0.1193027488017808 
 24.810287871637563     0.11944839401592938 
  24.83364794714488      0.1195868905218273 
 24.857008022652195     0.11971823101763734 
 24.880368098159508     0.11984241207899722 
 24.903728173666824     0.11995943436679238 
  24.92708824917414     0.12006930282618992 
 24.950448324681453     0.12017202687622341 
 24.973808400188766     0.12026762058914316 
 24.997168475696085     0.12035610285887281 
 25.020528551203398     0.12043749755790384 
  25.04388862671071     0.12051183368201474 
 25.067248702218027     0.12057914548228293 
 25.090608777725343     0.12063947258386822 
 25.113968853232656     0.12069286009113157 
 25.137328928739972     0.12073935867862204 
  25.16068900424729      0.1207790246677011 
   25.1840490797546     0.12081192008838398 
 25.207409155261914     0.12083811272628257 
  25.23076923076923      0.1208576761543195 
 25.254129306276546      0.1208706897492395 
  25.27748938178386     0.12087723869270017 
 25.300849457291175     0.12087741395705591 
  25.32420953279849     0.12087131227571642 
 25.347569608305804     0.12085903609828032 
  25.37092968381312      0.1208406935305418 
 25.394289759320436      0.1208163982594888 
  25.41764983482775     0.12078626946362436 
  25.44100991033506     0.12075043170877683 
 25.464369985842378     0.12070901482979399 
 25.487730061349694     0.12066215379844673 
 25.511090136857007     0.12060998857789687 
 25.534450212364323     0.12055266396425005 
  25.55781028787164     0.12049032941554524 
 25.581170363378952     0.12042313886877527 
 25.604530438886265     0.12035125054541741 
 25.627890514393584     0.12027482674597764 
 25.651250589900897     0.12019403363423321 
  25.67461066540821     0.12010904101166568 
 25.697970740915526     0.12002002208271942 
 25.721330816422842      0.1199271532115697 
 25.744690891930155     0.11983061367092723 
  25.76805096743747     0.11973058538364405 
 25.791411042944787      0.1196272526577383 
   25.8147711184521     0.11952080191540489 
 25.838131193959413     0.11941142141684752 
  25.86149126946673     0.11929930097946788 
 25.884851344974045     0.11918463169309079 
 25.908211420481358     0.11906760563196898 
 25.931571495988674     0.11894841556408818 
  25.95493157149599     0.11882725465854378 
 25.978291647003303     0.11870431619153676 
  26.00165172251062      0.1185797932516635 
 26.025011798017932     0.11845387844508838 
 26.048371873525248     0.11832676360121781 
  26.07173194903256     0.11819863947944528 
 26.095092024539877     0.11806969547754752 
 26.118452100047193     0.11794011934226775 
 26.141812175554506     0.11781009688264463 
 26.165172251061822     0.11767981168657897 
 26.188532326569135      0.1175494448411667 
  26.21189240207645     0.11741917465725807 
 26.235252477583767     0.11728917639867426 
  26.25861255309108     0.11715962201659703 
 26.281972628598396      0.1170306798894479 
  26.30533270410571     0.11690251456878167 
 26.328692779613025     0.11677528653144065 
  26.35205285512034     0.11664915193841771 
 26.375412930627654     0.11652426240074884 
  26.39877300613497     0.11640076475274062 
 26.422133081642283     0.11627880083282248 
   26.4454931571496     0.11615850727234088 
 26.468853232656915     0.11604001529252905 
 26.492213308164228     0.11592345050987654 
 26.515573383671544     0.11580893275019871 
 26.538933459178857     0.11569657587147629 
 26.562293534686173     0.11558648759581844 
 26.585653610193486     0.11547876935056932 
 26.609013685700802     0.11537351611880241 
 26.632373761208118     0.11527081629930068 
  26.65573383671543     0.11517075157614651 
 26.679093912222747     0.11507339679802786 
  26.70245398773006     0.11497881986734126 
 26.725814063237376     0.11488708163914195 
 26.749174138744692     0.11479823583005051 
 26.772534214252005     0.11471232893706527 
  26.79589428975932     0.11462940016639925 
 26.819254365266634     0.11454948137226681 
  26.84261444077395     0.11447259700564423 
 26.865974516281266     0.11439876407299598 
  26.88933459178858     0.11432799210490223 
 26.912694667295895      0.1142602831345212 
 26.936054742803208     0.11419563168586044 
 26.959414818310524     0.11413402477175336 
  26.98277489381784     0.11407544190137817 
 27.006134969325153      0.1140198550973611 
  27.02949504483247     0.11396722892214324 
 27.052855120339782     0.11391752051363617 
 27.076215195847098     0.11387067962989815 
  27.09957527135441     0.11382664870273368 
 27.122935346861727     0.11378536289997461 
 27.146295422369043      0.1137467501963158 
 27.169655497876356     0.11371073145242987 
 27.193015573383672     0.11367722050218412 
 27.216375648890985     0.11364612424771325 
   27.2397357243983     0.11361734276210449 
 27.263095799905617     0.11359076939946708 
  27.28645587541293     0.11356629091205499 
 27.309815950920246     0.11354378757427484 
  27.33317602642756     0.11352313331319308 
 27.356536101934875     0.11350419584534073 
  27.37989617744219      0.1134868368194573 
 27.403256252949504      0.1134709119649147 
  27.42661632845682     0.11345627124550108 
 27.449976403964133      0.1134427590182654 
  27.47333647947145     0.11343021419708807 
 27.496696554978765     0.11341847042069562 
 27.520056630486078     0.11340735622481347 
 27.543416705993394     0.11339669521809181 
 27.566776781500707     0.11338630626156246 
 27.590136857008023     0.11337600365128338 
 27.613496932515336     0.11336559730387538 
 27.636857008022652     0.11335489294468273 
 27.660217083529968     0.11334369229821874 
  27.68357715903728     0.11333179328066573 
 27.706937234544597     0.11331899019416851 
  27.73029731005191     0.11330507392257828 
 27.753657385559226     0.11328983212853788 
 27.777017461066542      0.1132730494515286 
 27.800377536573855     0.11325450770678398 
  27.82373761208117     0.11323398608476841 
 27.847097687588484     0.11321126135110746 
   27.8704577630958     0.11318610804674224 
 27.893817838603116     0.11315829868817684 
  27.91717791411043      0.1131276039676845 
 27.940537989617745     0.11309379295330996 
 27.963898065125058     0.11305663328863465 
 27.987258140632374     0.11301589139215587 
  28.01061821613969     0.11297133265623314 
 28.033978291647003     0.11292272164557728 
  28.05733836715432     0.11286982229519014 
  28.08069844266163      0.1128123981078141 
 28.104058518168948      0.1127502123508366 
  28.12741859367626      0.1126830282527015 
 28.150778669183577     0.11261060919882646 
 28.174138744690893     0.11253271892711313 
 28.197498820198206     0.11244912172310133 
 28.220858895705522     0.11235958261480901 
 28.244218971212835     0.11226386756739752 
  28.26757904672015     0.11216174367771234 
 28.290939122227467     0.11205297936879456 
  28.31429919773478     0.11193734458455788 
 28.337659273242096     0.11181461098461744 
  28.36101934874941      0.1116845521395005 
 28.384379424256725     0.11154694372627512 
  28.40773949976404     0.11140156372478814 
 28.431099575271354     0.11124819261456709 
  28.45445965077867     0.11108661357253488 
 28.477819726285983     0.11091661267163096 
   28.5011798017933      0.1107379790804456 
 28.524539877300615     0.11055050526394437 
 28.547899952807928     0.11035398718536045 
 28.571260028315244      0.1101482245093433 
 28.594620103822557     0.10993302080636562 
 28.617980179329873     0.10970818375845498 
 28.641340254837186     0.10947352536627668 
 28.664700330344502     0.10922886215748416 
 28.688060405851818     0.10897401539640994 
  28.71142048135913     0.10870881129494907 
 28.734780556866447     0.10843308122463989 
  28.75814063237376     0.10814666192976885 
 28.781500707881076     0.10784939574141109 
 28.804860783388392     0.10754113079225189 
 28.828220858895705     0.10722172123197635 
  28.85158093440302     0.10689102744303382 
 28.874941009910334     0.10654891625655452 
  28.89830108541765     0.10619526116810651 
 28.921661160924966      0.1058299425530183 
  28.94502123643228     0.10545284788095659 
 28.968381311939595     0.10506387192937298 
 28.991741387446908      0.1046629169954394 
 29.015101462954224     0.10424989310612644 
  29.03846153846154     0.10382471822587235 
 29.061821613968853     0.10338731846151138 
  29.08518168947617     0.10293762826388787 
  29.10854176498348     0.10247559062569934 
 29.131901840490798     0.10200115727504173 
  29.15526191599811     0.10151428886408272 
 29.178621991505427     0.10101495515235245 
 29.201982067012743     0.10050313518406313 
 29.225342142520056     0.09997881745883831 
 29.248702218027372     0.09944200009533283 
 29.272062293534685     0.09889269098705769 
    29.295422369042     0.09833090794989495 
 29.318782444549317     0.09775667886060958 
  29.34214252005663     0.09717004178581647 
 29.365502595563946      0.0965710451007643 
  29.38886267107126     0.09595974759737647 
 29.412222746578575     0.09533621858089932 
  29.43558282208589       0.094700537954667 
 29.458942897593204     0.09405279629232688 
  29.48230297310052     0.09339309489708325 
 29.505663048607833     0.09272154584734121 
  29.52902312411515     0.09203827202831869 
 29.552383199622465     0.09134340714911574 
 29.575743275129778     0.09063709574480754 
 29.599103350637094     0.08991949316313687 
 29.622463426144407     0.08919076553543145 
 29.645823501651723     0.08845108973138265 
 29.669183577159036     0.08770065329740834 
  29.69254365266635     0.08693965437825116 
 29.715903728173668      0.0861683016216923 
  29.73926380368098       0.085386814066094 
 29.762623879188297      0.0845954210106667 
  29.78598395469561     0.08379436186837795 
 29.809344030202926     0.08298388600141232 
 29.832704105710242     0.08216425253921138 
 29.856064181217555      0.0813357301791213 
  29.87942425672487     0.08049859696975693 
 29.902784332232184     0.07965314007718878 
   29.9261444077395     0.07879965553421628 
 29.949504483246816     0.07793844797288423 
  29.97286455875413      0.0770698303406128 
 29.996224634261445      0.0761941236002372 
 30.019584709768758     0.07531165641435436 
 30.042944785276074     0.07442276481445856 
  30.06630486078339     0.07352779185526703 
 30.089664936290703     0.07262708725486967 
  30.11302501179802     0.07172100702120578 
  30.13638508730533     0.07080991306551457 
 30.159745162812648      0.0698941728034281 
  30.18310523831996     0.06897415874439869 
 30.206465313827277     0.06805024807020679 
 30.229825389334593     0.06712282220331055 
 30.253185464841906     0.06619226636586162 
 30.276545540349222      0.0652589691302289 
 30.299905615856535     0.06432332196187274 
  30.32326569136385     0.06338571875548607 
 30.346625766871167     0.06244655536532518 
  30.36998584237848     0.06150622913062733 
 30.393345917885796    0.060565138397127266 
  30.41670599339311     0.05962368203558423 
 30.440066068900425     0.05868225895834373 
  30.46342614440774     0.05774126763489353 
 30.486786219915054     0.05680110560743204 
  30.51014629542237    0.055862169007422614 
 30.533506370929683     0.05492485207415467 
    30.556866446437     0.05398954667627963 
 30.580226521944315    0.053056641837334904 
 30.603586597451628    0.052126523266210145 
 30.626946672958944      0.0511995728935329 
 30.650306748466257     0.05027616841492475 
 30.673666823973573     0.04935668284205242 
 30.697026899480885    0.048441484062388476 
   30.7203869749882    0.047530934408576565 
 30.743747050495518     0.04662539023824771 
  30.76710712600283    0.045725201525140605 
 30.790467201510147     0.04483071146230978 
  30.81382727701746     0.04394225607821259 
 30.837187352524776    0.043060163866395315 
 30.860547428032092      0.0421847554294824 
 30.883907503539405     0.04131634313813297 
  30.90726757904672       0.040455230805585 
 30.930627654554034     0.03960171337835696 
  30.95398773006135     0.03875607664365051 
 30.977347805568666    0.037918596953957044 
  31.00070788107598    0.037089540969279286 
 31.024067956583295     0.03626916541741257 
 31.047428032090608     0.03545771687259932 
 31.070788107597924     0.03465543155288987 
  31.09414818310524     0.03386253513645001 
 31.117508258612553    0.033079242597029844 
  31.14086833411987     0.03230575805875858 
  31.16422840962718     0.03154227467036763 
 31.187588485134498     0.03078897449891302 
  31.21094856064181    0.030046028443011154 
 31.234308636149127    0.029313596165553166 
 31.257668711656443    0.028591826045824657 
 31.281028787163756    0.027880855150900278 
 31.304388862671072    0.027180809226146522 
 31.327748938178384    0.026491802704617314 
   31.3511090136857    0.025813938735086556 
 31.374469089193017    0.025147309228417396 
  31.39782916470033    0.024491994921927492 
 31.421189240207646    0.023848065461369024 
  31.44454931571496    0.023215579500122208 
 31.467909391222275    0.022594584815125315 
  31.49126946672959    0.021985118439075364 
 31.514629542236904     0.02138720680837833 
  31.53798961774422     0.02080086592628704 
 31.561349693251532    0.020226101540665023 
  31.58470976875885    0.019662909335767705 
 31.608069844266165    0.019111275137406923 
 31.631429919773478     0.01857117513085815 
 31.654789995280794     0.01804257609083169 
 31.678150070788107    0.017525435622826623 
 31.701510146295423     0.01701970241515662 
 31.724870221802735      0.0165253165009344 
  31.74823029731005    0.016042209529287532 
 31.771590372817368    0.015570305045055077 
  31.79495044832468    0.015109518776237521 
 31.818310523831997     0.01465975892843309 
  31.84167059933931    0.014220926485517432 
 31.865030674846626    0.013792915515808019 
 31.888390750353942    0.013375613482964623 
 31.911750825861255    0.012968901560866618 
  31.93511090136857    0.012572654951740826 
 31.958470976875883     0.01218674320678697 
   31.9818310523832    0.011811030548582714 
  32.00519112789051    0.011445376194549835 
 32.028551203397825     0.01108963468077891 
 32.051911278905145    0.010743656185524711 
  32.07527135441246    0.010407286851696089 
  32.09863142991978    0.010080369107691294 
  32.12199150542709    0.009762741985938666 
   32.1453515809344    0.009454241438528181 
 32.168711656441715    0.009154700649342073 
  32.19207173194903    0.008863950342110105 
  32.21543180745635    0.008581819083848011 
  32.23879188296366    0.008308133583151007 
  32.26215195847098     0.00804271898285135 
  32.28551203397829     0.00778539914656762 
 32.308872109485606     0.00753599693870519 
  32.33223218499292    0.007294334497492104 
  32.35559226050023    0.007060233500666885 
  32.37895233600755    0.006833515423457912 
  32.40231241151487    0.006614001788529788 
  32.42567248702218    0.006401514407596841 
 32.449032562529496    0.006195875614432195 
  32.47239263803681    0.005996908489038251 
  32.49575271354412    0.005804437072761794 
  32.51911278905144    0.005618286574177042 
  32.54247286455875    0.005438283565582862 
  32.56583294006607    0.005264256169989316 
 32.589193015573386    0.005096034238500417 
   32.6125530910807     0.00493344951802269 
  32.63591316658801    0.004776335809260536 
 32.659273242095324    0.004624529114983277 
 32.682633317602644    0.004477867778574932 
  32.70599339310996    0.004336192612904509 
 32.729353468617276   0.0041993470195740125 
  32.75271354412459   0.0040671770986317815 
   32.7760736196319    0.003939531748853564 
 32.799433695139214   0.0038162627587195806 
  32.82279377064653    0.003697224888236056 
  32.84615384615385    0.003582275941764647 
  32.86951392166116   0.0034712768320472646 
  32.89287399716848   0.0033640916356247495 
  32.91623407267579   0.0032605876398688737 
 32.939594148183104   0.0031606353818567886 
  32.96295422369042   0.0030641086793345173 
  32.98631429919773   0.0029708846540258643 
  33.00967437470505   0.0028808437475538675 
  33.03303445021237    0.002793869730253921 
  33.05639452571968    0.002709849703163287 
 33.079754601226995    0.002628674093481122 
  33.10311467673431    0.002550236643798699 
  33.12647475224162   0.0024744343954043505 
  33.14983482774894   0.0024011676659710887 
  33.17319490325625    0.002330340021938738 
  33.19655497876357    0.002261858245902564 
 33.219915054270885    0.002195632299322974 
   33.2432751297782    0.002131575280867325 
  33.26663520528551    0.002069603380697183 
  33.28999528079282    0.002009635831008825 
  33.31335535630014   0.0019515948531329515 
 33.336715431807455   0.0018954056014957288 
 33.360075507314775   0.0018409961047369035 
  33.38343558282209   0.0017882972042768202 
   33.4067956583294   0.0017372424906158363 
  33.43015573383671   0.0016877682376441239 
 33.453515809344026   0.0016398133352311735 
 33.476875884851346   0.0015933192203563074 
  33.50023596035866    0.001548229807032536 
  33.52359603586598   0.0015044914152676128 
  33.54695611137329   0.0014620526992948752 
   33.5703161868806    0.001420864575298469 
 33.593676262387916    0.001380880148845905 
  33.61703633789523   0.0013420546422298675 
  33.64039641340255   0.0013043453219136795 
  33.66375648890987   0.0012677114262587108 
  33.68711656441718   0.0012321140937056633 
 33.710476639924494   0.0011975162915689314 
 33.733836715431806    0.001163882745591536 
  33.75719679093912   0.0011311798703982075 
  33.78055686644643   0.0010993757009732821 
  33.80391694195375   0.0010684398252780306 
  33.82727701746107    0.001038343318113441 
 33.850637092968384   0.0010090586763219134 
   33.8739971684757    0.000980559755413499 
  33.89735724398301   0.0009528217076893725 
  33.92071731949032   0.0009258209219288515 
  33.94407739499764   0.0008995349646941533 
 33.967437470504954     0.00087394252330055 
 33.990797546012274   0.0008490233504877411 
  34.01415762151959   0.0008247582108238629 
   34.0375176970269   0.0008011288288623193 
  34.06087777253421    0.000778117839065816 
 34.084237848041525   0.0007557087375049603 
 34.107597923548845   0.0007338858353304076 
  34.13095799905616   0.0007126342140144447 
  34.15431807456348   0.0006919396823479437 
  34.17767815007079   0.0006717887351772271 
   34.2010382255781   0.0006521685138575152 
 34.224398301085415    0.000633066768396954 
  34.24775837659273   0.0006144718212593165 
  34.27111845210005   0.0005963725327917559 
  34.29447852760736   0.0005787582682391525 
  34.31783860311468   0.0005616188663042145 
  34.34119867862199   0.0005449446092099996 
 34.364558754129305   0.0005287261942198221 
  34.38791882963662   0.0005129547065662408 
  34.41127890514393    0.000497621593741671 
  34.43463898065125    0.000482718641099766 
  34.45799905615857  0.00046823794871771803 
  34.48135913166588  0.00045417190946793636 
 34.504719207173196    0.000440513188248294 
  34.52807928268051  0.00042725470231973336 
  34.55143935818782   0.0004143896026998555 
  34.57479943369514   0.0004019112565632555 
  34.59815950920245  0.00038981323059843523 
  34.62151958470977   0.0003780892752731125 
 34.644879660217086  0.00036673330996065323 
   34.6682397357244  0.00035573940888165384 
  34.69159981123171   0.0003451017878162507 
 34.714959886739024   0.0003348147915442968 
 34.738319962246344   0.0003248728819722618 
 34.761680037753656  0.00031527062690761055 
 34.785040113260976  0.00030600268944311153 
  34.80840018876829  0.00029706381791592273 
   34.8317602642756  0.00028844883640756947 
 34.855120339782914  0.00028015263575387146 
  34.87848041529023   0.0002721701650352337 
  34.90184049079755  0.00026449642352015403 
  34.92520056630486   0.0002571264530367653 
  34.94856064181218    0.000250055330749318 
  34.97192071731949   0.0002432781623185336 
 34.995280792826804  0.00023679007542675554 
  35.01864086833412   0.0002305862136507762 
  35.04200094384143   0.0002246617306671356 
  35.06536101934875  0.00021901178477659535 
  35.08872109485607  0.00021363153373596963 
  35.11208117036338  0.00020851612988748454 
 35.135441245870695  0.00020366071557765948 
  35.15880132137801  0.00019906041885826405 
  35.18216139688532  0.00019471034946458367 
  35.20552147239263  0.00019060559506666418 
  35.22888154789995   0.0001867412177907954 
  35.25224162340727   0.0001831122510094084 
 35.275601698914585   0.0001797136963989895 
   35.2989617744219  0.00017654052126592632 
  35.32232184992921  0.00017358765614154735 
  35.34568192543652   0.0001708499926479622 
  35.36904200094384   0.0001683223816370551 
 35.392402076451155  0.00016599963160534627 
 35.415762151958475  0.00016387650738789307 
  35.43912222746579   0.0001619477291345862 
   35.4624823029731  0.00016020797157234874 
  35.48584237848041  0.00015865186355681674 
 35.509202453987726  0.00015727398791698903 
 35.532562529495046  0.00015606888159603734 
  35.55592260500236  0.00015503103609180207 
  35.57928268050968   0.0001541548981989033 
  35.60264275601699  0.00015343487105552982 
   35.6260028315243  0.00015286531549617695 
 35.649362907031616  0.00015244055171164016 
  35.67272298253893  0.00015215486121662546 
  35.69608305804625  0.00015200248912491262 
  35.71944313355356  0.00015197764673057981 
  35.74280320906088   0.0001520745143937001 
 35.766163284568194  0.00015228724472737798 
 35.789523360075506   0.0001526099660821779 
  35.81288343558282   0.0001530367863235137 
  35.83624351109013  0.00015356179689525993 
  35.85960358659745  0.00015417907716338658 
  35.88296366210477  0.00015488269903095436 
 35.906323737612084  0.00015566673181563584 
   35.9296838131194  0.00015652524737903728 
  35.95304388862671  0.00015745232549682918 
  35.97640396413402  0.00015844205945677347 
  35.99976403964134  0.00015948856187125005 
 36.023124115148654  0.00016058597068948518 
 36.046484190655974   0.0001617284553937864 
  36.06984426616329  0.00016291022336302572 
   36.0932043416706   0.0001641255263857161 
  36.11656441717791  0.00016536866730397908 
 36.139924492685225   0.0001666340067691695 
 36.163284568192545  0.00016791597008854818 
  36.18664464369986   0.0001692090541423465 
  36.21000471920718  0.00017050783434943416 
  36.23336479471449  0.00017180697165932718 
   36.2567248702218  0.00017310121954798057 
 36.280084945729115    0.000174385430994004 
  36.30344502123643   0.0001756545654121224 
  36.32680509674375  0.00017690369551994511 
  36.35016517225106  0.00017812801411445965 
  36.37352524775838  0.00017932284073423615 
  36.39688532326569  0.00018048362818368644 
 36.420245398773005  0.00018160596889573588 
  36.44360547428032  0.00018268560110957087 
  36.46696554978763  0.00018371841484055801 
  36.49032562529495  0.00018470045761980497 
  36.51368570080227   0.0001856279399815362 
  36.53704577630958  0.00018649724067711204 
 36.560405851816896  0.00018730491159508732 
  36.58376592732421   0.0001880476823680223 
  36.60712600283152  0.00018872246464730048 
  36.63048607833884  0.00018932635602846205 
  36.65384615384615  0.00018985664361078936 
  36.67720622935347  0.00019031080717581752 
 36.700566304860786  0.00019068652197110124 
   36.7239263803681  0.00019098166108665198 
  36.74728645587541  0.00019119429741303008 
 36.770646531382724  0.00019132270517159696 
  36.79400660689004  0.00019136536100873073 
 36.817366682397356  0.00019132094464778383 
 36.840726757904676  0.00019118833909382644 
  36.86408683341199  0.00019096663038802077 
   36.8874469089193   0.0001906551069101257 
 36.910806984426614  0.00019025325822928372 
  36.93416705993393    0.000189760773504922 
  36.95752713544125   0.0001891775394412917 
  36.98088721094856   0.0001885036378008127 
  37.00424728645588  0.00018773934248303146 
  37.02760736196319   0.0001868851161776359 
 37.050967437470504  0.00018594160660151453 
  37.07432751297782  0.00018490964233141224 
  37.09768758848513  0.00018379022824518572 
  37.12104766399245   0.0001825845405861059 
  37.14440773949977  0.00018129392166600075 
  37.16776781500708  0.00017991987422432502 
 37.191127890514394   0.0001784640554614396 
  37.21448796602171  0.00017692827076553003 
  37.23784804152902  0.00017531446715358758 
  37.26120811703633  0.00017362472644788193 
  37.28456819254365  0.00017186125821020022 
  37.30792826805097  0.00017002639245668137 
 37.331288343558285  0.00016812257217712798 
   37.3546484190656   0.0001661523456827306 
  37.37800849457291   0.0001641183588070151 
  37.40136857008022  0.00016202334698473442 
  37.42472864558754   0.0001598701272340135 
 37.448088721094855  0.00015766159006689784 
 37.471448796602175   0.0001554006913535679 
  37.49480887210949  0.00015309044416534362 
   37.5181689476168  0.00015073391062138668 
  37.54152902312411  0.00014833419376369323 
 37.564889098631426   0.0001458944294845322 
 37.588249174138745  0.00014341777852999098 
  37.61160924964606  0.00014090741860265597 
  37.63496932515338  0.00013836653658576105 
  37.65832940066069  0.00013579832091037135 
    37.681689476168   0.0001332059540862702 
 37.705049551675316  0.00013059260541630984 
  37.72840962718263  0.00012796142391293793 
  37.75176970268995  0.00012531553143467733 
  37.77512977819726  0.00012265801605892078 
  37.79848985370458  0.00011999192570660523 
  37.82184992921189  0.00011732026203282135 
 37.845210004719206  0.00011464597459625854 
  37.86857008022652  0.00011197195531918495 
  37.89193015573383  0.00010930103324819822 
  37.91529023124115   0.0001066359696247387 
  37.93865030674847  0.00010397945327312501 
 37.962010382255784   0.0001013340963123322 
 37.985370457763096   9.870243019655877e-05 
  38.00873053327041   9.608690208827176e-05 
  38.03209060877772   9.348987156608075e-05 
  38.05545068428504   9.091360766854107e-05 
 38.078810759792354   8.836028627373176e-05 
 38.102170835299674   8.583198781320679e-05 
  38.12553091080699   8.333069531777435e-05 
   38.1488909863143   8.085829279136619e-05 
  38.17225106182161   7.841656390822562e-05 
 38.195611137328925   7.600719102753267e-05 
 38.218971212836244   7.363175451865242e-05 
  38.24233128834356    7.12917323892328e-05 
  38.26569136385088    6.89885002074969e-05 
  38.28905143935819   6.672333130930477e-05 
   38.3124115148655   6.449739727976384e-05 
 38.335771590372815   6.231176869854074e-05 
  38.35913166588013   6.016741613737679e-05 
  38.38249174138745   5.806521139778853e-05 
  38.40585181689476  5.6005928976460546e-05 
  38.42921189240208   5.399024774541278e-05 
  38.45257196790939  5.2018752833724135e-05 
 38.475932043416705   5.009193769728172e-05 
  38.49929211892402   4.821020636286092e-05 
  38.52265219443133   4.637387583267646e-05 
  38.54601226993865   4.458317863548196e-05 
  38.56937234544597   4.283826551028545e-05 
  38.59273242095328   4.113920820878118e-05 
 38.616092496460595   3.948600240271623e-05 
  38.63945257196791   3.787857068256037e-05 
  38.66281264747522   3.631676563405425e-05 
  38.68617272298254   3.480037297947209e-05 
  38.70953279848985   3.332911477073752e-05 
  38.73289287399717  3.1902652621867145e-05 
 38.756252949504486   3.052059096861766e-05 
   38.7796130250118  2.9182480343602865e-05 
  38.80297310051911  2.7887820655626624e-05 
 38.826333176026424  2.6636064462431318e-05 
  38.84969325153374  2.5426620226578714e-05 
 38.873053327041056   2.425885554470148e-05 
 38.896413402548376   2.313210034089466e-05 
  38.91977347805569  2.2045650015597774e-05 
    38.943133553563  2.0998768541853822e-05 
 38.966493629070314  1.9990691501437657e-05 
  38.98985370457763   1.902062905390441e-05 
 39.013213780084946  1.8087768832204127e-05 
  39.03657385559226  1.7191278759086654e-05 
  39.05993393109958  1.6330309779095457e-05 
  39.08329400660689  1.5503998501529625e-05 
 39.106654082114204  1.4711469750304254e-05 
  39.13001415762152  1.3951839017205258e-05 
  39.15337423312883  1.3224214815562017e-05 
  39.17673430863615    1.25277009318934e-05 
  39.20009438414347   1.186139857358748e-05 
  39.22345445965078  1.1224408411164679e-05 
 39.246814535158094  1.0615832514144706e-05 
  39.27017461066541  1.0034776179988743e-05 
  39.29353468617272   9.480349656011761e-06 
  39.31689476168003   8.951669754568345e-06 
  39.34025483718735   8.447861362194725e-06 
  39.36361491269467   7.968058843749037e-06 
 39.386974988201985   7.511407342922339e-06 
   39.4103350637093   7.077063980804298e-06 
  39.43369513921661   6.664198954471197e-06 
  39.45705521472392   6.271996537821629e-06 
  39.48041529023124  5.8996559871220305e-06 
 39.503775365738555   5.546392353935618e-06 
 39.527135441245875   5.211437208292911e-06 
  39.55049551675319    4.89403927513107e-06 
   39.5738555922605   4.593464987164667e-06 
  39.59721566776781   4.308998957476055e-06 
 39.620575743275126   4.039944375207659e-06 
 39.643935818782445    3.78562332781856e-06 
  39.66729589428976  3.5453770534265887e-06 
  39.69065596979708  3.3185661267952255e-06 
  39.71401604530439   3.104570582550515e-06 
   39.7373761208117  2.9027899792148594e-06 
 39.760736196319016  2.7126434076390204e-06 
  39.78409627182633  2.5335694473863326e-06 
  39.80745634733365  2.3650260745872273e-06 
  39.83081642284096  2.2064905247317402e-06 
  39.85417649834828    2.05745911380527e-06 
  39.87753657385559   1.917447021103238e-06 
 39.900896649362906  1.7859880369763627e-06 
  39.92425672487022  1.6626342786717173e-06 
  39.94761680037753  1.5469558773359467e-06 
  39.97097687588485  1.4385406391451154e-06 
  39.99433695139217  1.3369936834169491e-06 
 40.017697026899484  1.2419370604478167e-06 
 40.041057102406796  1.1530093517007054e-06 
  40.06441717791411  1.0698652548505999e-06 
  40.08777725342142   9.921751560717326e-07 
  40.11113732892874   9.196246918284203e-07 
 40.134497404436054   8.519143023073895e-07 
 40.157857479943374   7.887587785051658e-07 
  40.18121755545069   7.298868048617404e-07 
    40.204577630958   6.750404992081763e-07 
  40.22793770646531   6.239749516763479e-07 
 40.251297781972625   5.764577640994483e-07 
 40.274657857479944   5.322685913161027e-07 
  40.29801793298726   4.911986856774094e-07 
  40.32137800849458  4.5305044594566673e-07 
  40.34473808400189   4.176369716671775e-07 
   40.3680981595092   3.847816239975351e-07 
 40.391458235016515   3.543175938591435e-07 
  40.41481831052383   3.260874782147629e-07 
  40.43817838603115   2.999428651500278e-07 
  40.46153846153846   2.757439283708427e-07 
  40.48489853704578   2.533590316388611e-07 
  40.50825861255309  2.3266434359034342e-07 
 40.531618688060405  2.1354346330948565e-07 
  40.55497876356772  1.9588705695831352e-07 
  40.57833883907503  1.7959250569989752e-07 
  40.60169891458235  1.6456356509108815e-07 
  40.62505899008967   1.507100360644798e-07 
  40.64841906559698  1.3794744756695813e-07 
 40.671779141104295  1.2619675087402344e-07 
  40.69513921661161  1.1538402555479746e-07 
  40.71849929211892  1.0544019702211214e-07 
  40.74185936762624   9.630076556540516e-08 
  40.76521944313355   8.790554673091722e-08 
  40.78857951864087   8.019842288387966e-08 
 40.811939594148186    7.31271057609354e-08 
   40.8352996696555   6.664290979747776e-08 
  40.85865974516281   6.070053599422589e-08 
  40.88201982067012   5.525786606955579e-08 
  40.90537989617744  5.0275766629042677e-08 
 40.928739971684756   4.571790307104229e-08 
 40.952100047192076  4.1550562936748035e-08 
  40.97546012269939   3.774248840504172e-08 
   40.9988201982067  3.4264717626141196e-08 
 41.022180273714014   3.109043458375986e-08 
 41.045540349221326  2.8194827172745745e-08 
 41.068900424728646  2.5554953178050787e-08 
  41.09226050023596  2.3149613841156413e-08 
  41.11562057574328  2.0959234701608045e-08 
  41.13898065125059  1.8965753404053787e-08 
 41.162340726757904  1.7152514164875323e-08 
  41.18570080226522  1.5504168597194473e-08 
  41.20906087777253   1.400658259848051e-08 
  41.23242095327985   1.264674901116758e-08 
  41.25578102878717  1.1412705773479855e-08 
  41.27914110429448   1.029345928496233e-08 
 41.302501179801794   9.278912718966926e-09 
  41.32586125530911   8.359799022447356e-09 
  41.34922133081642   7.527618351799137e-09 
  41.37258140632373   6.774579702096345e-09 
  41.39594148183105    6.09354649583969e-09 
  41.41930155733837   5.477985906197784e-09 
 41.442661632845684  4.9219216986380265e-09 
    41.466021708353   4.419890383765086e-09 
  41.48938178386031   3.966900483064967e-09 
  41.51274185936762   3.558394718054932e-09 
  41.53610193487494   3.190214942036373e-09 
 41.559462010382255  2.8585696422036952e-09 
 41.582822085889575   2.560003848251343e-09 
  41.60618216139689   2.291371291830872e-09 
   41.6295422369042  2.0498086692037775e-09 
  41.65290231241151  1.8327118672193065e-09 
 41.676262387918825  1.6377140202868042e-09 
 41.699622463426145  1.4626652733125733e-09 
  41.72298253893346  1.3056141326171614e-09 
  41.74634261444078  1.1647902936344861e-09 
  41.76970268994809   1.038588840720248e-09 
   41.7930627654554   9.255557206525217e-10 
 41.816422840962716    8.24374397402729e-10 
  41.83978291647003   7.338536014805577e-10 
  41.86314299197735   6.529160926217018e-10 
  41.88650306748466   5.805883597917633e-10 
  41.90986314299198   5.159911874280286e-10 
  41.93322321849929  4.5833102154037093e-10 
 41.956583294006606   4.068920737448629e-10 
  41.97994336951392  3.6102910552029266e-10 
  42.00330344502124   3.201608389609356e-10 
  42.02666352052855  2.8376394405940104e-10 
 42.050023596035864   2.513675560965653e-10 
  42.07338367154318  2.2254828005133838e-10 
 42.096743747050496  1.9692564207743942e-10 
  42.12010382255781  1.7415795103732074e-10 
  42.14346389806512  1.5393853584256333e-10 
  42.16682397357244  1.3599232693324675e-10 
 42.190184049079754    1.20072752645164e-10 
  42.21354412458707  1.0595892347054823e-10 
 42.236904200094386    9.34530793239976e-11 
   42.2602642756017   8.237827688762481e-11 
  42.28362435110901   7.257629593638334e-11 
  42.30698442661633   6.390574524334968e-11 
 42.330344502123644   5.624035024248965e-11 
  42.35370457763096  4.9467406090407713e-11 
  42.37706465313827  4.3486381125514727e-11 
  42.40042472864559   3.820765697921677e-11 
   42.4237848041529   3.355139275570154e-11 
 42.447144879660215   2.944650177040419e-11 
 42.470504955167534    2.58297303281899e-11 
  42.49386503067485  2.2644828935942324e-11 
  42.51722510618216  1.9841807185940746e-11 
  42.54058518168948   1.737626432101217e-11 
  42.56394525719679  1.5208788204551426e-11 
 42.587305332704105  1.3304416072611095e-11 
  42.61066540821142  1.1632151045507326e-11 
  42.63402548371874   1.016452892663237e-11 
  42.65738555922605    8.87723032019182e-12 
  42.68074563473336   7.748733560767668e-12 
  42.70410571024068   6.760004369279937e-12 
 42.727465785747995   5.894218535044549e-12 
  42.75082586125531   5.136514275107898e-12 
  42.77418593676262   4.473771242517315e-12 
  42.79754601226994    3.89441344711718e-12 
  42.82090608777725  3.3882336181886023e-12 
 42.844266163284566  2.9462367798854147e-12 
 42.867626238791885   2.560501029983281e-12 
   42.8909863142992   2.224053711770176e-12 
  42.91434638980651   1.930761349700929e-12 
  42.93770646531383  1.6752318832898555e-12 
  42.96106654082114  1.4527278820810116e-12 
 42.984426616328456  1.2590895587763667e-12 
  43.00778669183577  1.0906665189589185e-12 
  43.03114676734309   9.442572954617854e-13 
   43.0545068428504   8.170558143689535e-13 
 43.077866918357714   7.066040288492179e-13 
  43.10122699386503   6.107500374172426e-13 
 43.124587069372346   5.276110755936161e-13 
  43.14794714487966   4.555408350499818e-13 
  43.17130722038697   3.931006228573308e-13 
  43.19466729589429  3.3903392602664556e-13 
 43.218027371401604  2.9224399371470216e-13 
  43.24138744690892   2.517740917796972e-13 
 43.264747522416236   2.167901222873652e-13 
  43.28810759792355  1.8656533451644659e-13 
  43.31146767343086   1.604668843861375e-13 
  43.33482774893818  1.3794402638234317e-13 
 43.358187824445494  1.1851774631641769e-13 
  43.38154789995281  1.0177166490274052e-13 
  43.40490797546012   8.734406145491048e-14 
  43.42826805096744   7.492088421349821e-14 
  43.45162812647475   6.422962914889773e-14 
 43.474988201982065   5.503398272578897e-14 
 43.498348277489384    4.71291362482762e-14 
   43.5217083529967  4.0337690185646355e-14 
  43.54506842850401   3.450607645167048e-14 
  43.56842850401133   2.950143510443997e-14 
  43.59178857951864  2.5208889464759503e-14 
 43.615148655025955   2.152917032360292e-14 
  43.63850873053327  1.8376545816537822e-14 
  43.66186880604059  1.5677018769179803e-14 
   43.6852288815479  1.3366757937986998e-14 
  43.70858895705521   1.139073365219927e-14 
  43.73194903256253   9.701531965804514e-15 
 43.755309108069845   8.258324606740537e-15 
  43.77866918357716   7.025974812275279e-15 
  43.80202925908447   5.974261607457275e-15 
  43.82538933459179   5.077207255893677e-15 
   43.8487494100991  4.3124945229737965e-15 
 43.872109485606416   3.660962071260463e-15 
 43.895469561113735  3.1061677830953665e-15 
  43.91882963662105  2.6340111004033475e-15 
  43.94218971212836  2.2324066075190953e-15 
  43.96554978763568  1.8910020784338746e-15 
  43.98890986314299  1.6009350818737267e-15 
 44.012269938650306  1.3546230008856955e-15 
  44.03563001415762  1.1455819912208329e-15 
  44.05899008966494    9.68270986332363e-16 
  44.08235016517225   8.179573665060315e-16 
 44.105710240679564    6.90601354527758e-16 
  44.12907031618688    5.82756588353482e-16 
 44.152430391694196   4.914846594965286e-16 
  44.17579046720151  4.1428170048437513e-16 
  44.19915054270882   3.490153612054272e-16 
  44.22251061821614  2.9387073705778553e-16 
 44.245870693723454   2.473040057394983e-16 
  44.26923076923077  2.0800269797922347e-16 
 44.292590844738086   1.748516737445509e-16 
   44.3159509202454  1.4690400232557413e-16 
  44.33931099575271  1.2335605466847047e-16 
  44.36267107126003  1.0352621160999961e-16 
 44.386031146767344   8.683667414763078e-17 
  44.40939122227466   7.279793324208574e-17 
  44.43275129778197   6.099551834704817e-17 
  44.45611137328929   5.107869716745688e-17 
   44.4794714487966    4.27508451741293e-17 
 44.502831524303915   3.576124311572998e-17 
 44.526191599811234  2.9898095012794955e-17 
  44.54955167531855  2.4982588625923492e-17 
  44.57291175082586   2.086384579981992e-17 
  44.59627182633318  1.7414631951125013e-17 
  44.61963190184049    1.45277127724364e-17 
 44.642991977347805  1.2112762385797366e-17 
  44.66635205285512  1.0093741058621022e-17 
  44.68971212836244   8.406672507636137e-18 
  44.71307220386975   6.997761034126621e-18 
  44.73643227937706    5.82179749181019e-18 
  44.75979235488438  4.8408105908202325e-18 
 44.783152430391695   4.022926463252313e-18 
  44.80651250589901   3.341404909588076e-18 
  44.82987258140632    2.77382544206504e-18 
  44.85323265691364   2.301400253743636e-18 
  44.87659273242095  1.9083946680585214e-18 
 44.899952807928265  1.5816385468780762e-18 
 44.923312883435585  1.3101146277171332e-18 
   44.9466729589429  1.0846118847982599e-18 
  44.97003303445021    8.97433817473281e-19 
  44.99339310995753   7.421531088853716e-19 
  45.01675318546484  6.1340540696134565e-19 
 45.040113260972156   5.067160925737068e-19 
  45.06347333647947   4.183548448737712e-19 
  45.08683341198679  3.4521361609074846e-19 
   45.1101934874941  2.8470430868056413e-19 
  45.13355356300141   2.346730246806316e-19 
  45.15691363850873  1.9332824594712064e-19 
 45.180273714016046  1.5918071782084934e-19 
  45.20363378952336  1.3099315895640765e-19 
  45.22699386503067  1.0773821616600212e-19 
  45.25035394053799    8.85633333628922e-20 
 45.273714016045304   7.276141501602833e-20 
 45.297074091552616   5.974634288188637e-20 
 45.320434167059936   4.903255521162158e-20 
  45.34379424256725  4.0218024431456686e-20 
  45.36715431807456   3.297007610716348e-20 
  45.39051439358188  2.7013581922918976e-20 
 45.413874469089194  2.2121135054442935e-20 
  45.43723454459651   1.810487992091808e-20 
  45.46059462010382  1.4809721743620155e-20 
  45.48395469561114  1.2107686216420155e-20 
  45.50731477111845   9.893237253813297e-21 
 45.530674846625764   8.079392366392187e-21 
 45.554034922133084   6.594501685543251e-21 
   45.5773949976404   5.379578832086573e-21 
  45.60075507314771   4.386090384178963e-21 
  45.62411514865503   3.574126226784783e-21 
  45.64747522416234  2.9108860460882317e-21 
 45.670835299669655  2.3694280780509636e-21 
  45.69419537517697  1.9276352764690447e-21 
  45.71755545068429  1.5673616229358715e-21 
   45.7409155261916  1.2737276033144682e-21 
  45.76427560169891  1.0345391277408721e-21 
  45.78763567720623   8.398085459757103e-22 
 45.810995752713545    6.81360051456565e-22 
  45.83435582822086   5.525047967070281e-22 
  45.85771590372817  4.4777356119445835e-22 
  45.88107597923549  3.6269690514931244e-22 
   45.9044360547428  2.9362448025559517e-22 
 45.927796130250115   2.375766098367238e-22 
 45.951156205757435  1.9212244677577567e-22 
  45.97451628126475  1.5528000831932002e-22 
  45.99787635677206  1.2543420766133398e-22 
  46.02123643227938  1.0126968158984702e-22 
  46.04459650778669   8.171577550337976e-23 
 46.067956583294006   6.590151175550812e-23 
  46.09131665880132   5.311875119749408e-23 
  46.11467673430864   4.279207479494777e-23 
  46.13803680981595   3.445417379464734e-23 
  46.16139688532326   2.772575266252357e-23 
  46.18475696083058    2.22991268325159e-23 
 46.208117036337896  1.7924843775371986e-23 
  46.23147711184521  1.4400776469768363e-23 
  46.25483718735252  1.1563237552921056e-23 
  46.27819726285984   9.279743984701121e-24 
 46.301557338367154    7.44312907356005e-24 
 46.324917413874466  5.9667537436112506e-24 
 46.348277489381786   4.780614085336425e-24 
   46.3716375648891  3.8281792743498754e-24 
  46.39499764039641  3.0638243053325958e-24 
  46.41835771590373   2.450746860845753e-24 
 46.441717791411044   1.959277997522022e-24 
  46.46507786691836  1.5655129926990029e-24 
  46.48843794242567   1.250202317716316e-24 
  46.51179801793299   9.978538368189906e-25 
   46.5351580934403   7.960064226638375e-25 
 46.558518168947614   6.346426003513444e-25 
 46.581878244454934   5.057138851959213e-25 
  46.60523831996225  4.0275741414759694e-25 
  46.62859839546956   3.205864911631366e-25 
  46.65195847097687  2.5504094031630605e-25 
  46.67531854648419   2.027858241753376e-25 
 46.698678621991505   1.611492512335482e-25 
  46.72203869749882  1.2799175679760024e-25 
  46.74539877300614  1.0160117181297248e-25 
  46.76875884851345   8.060805499203009e-26 
  46.79211892402076   6.391770541003584e-26 
  46.81547899952808   5.065553633430428e-26 
 46.838839075035395   4.012320979545841e-26 
  46.86219915054271  3.1763432475679634e-26 
  46.88555922605002  2.5131719013397345e-26 
  46.90891930155734  1.9873756826933563e-26 
  46.93227937706465   1.570727170135079e-26 
 46.955639452571965  1.2407507581376224e-26 
 46.978999528079285   9.795606953054378e-27 
   47.0023596035866   7.729317741010537e-27 
  47.02571967909391   6.095565178328106e-27 
  47.04907975460123  4.8045177972151366e-27 
  47.07243983010854   3.784849735358289e-27 
 47.095799905615856  2.9799603527764895e-27 
  47.11915998112317  2.3449594573943822e-27 
  47.14252005663049  1.8442644694537526e-27 
   47.1658801321378  1.4496864142476937e-27 
  47.18924020764511   1.138906172998252e-27 
  47.21260028315243   8.942621167726036e-28 
 47.235960358659746   7.017860453421372e-28 
  47.25932043416706  5.5043701579371435e-28 
  47.28268050967437   4.314927902442364e-28 
  47.30604058518169   3.380667541857278e-28 
 47.329400660689004   2.647246560980229e-28 
 47.352760736196316  2.0718071624673957e-28 
 47.376120811703636  1.6205680633276277e-28 
  47.39948088721095  1.2669171942240297e-28 
  47.42284096271826   9.899019804127871e-29 
  47.44620103822558   7.730350122565316e-29 
 47.469561113732894    6.03349759817969e-29 
  47.49292118924021  4.7065441010623324e-29 
  47.51628126474752   3.669425960632299e-29 
  47.53964134025484  2.8592829492080315e-29 
  47.56300141576215  2.2267894146707718e-29 
 47.586361491269464  1.7332618192719975e-29 
 47.609721566776784  1.3483796860969828e-29 
   47.6330816422841   1.048390894262798e-29 
  47.65644171779141    8.14699196373751e-30 
  47.67980179329872   6.327531911042995e-30 
  47.70316186880604   4.911729132367015e-30 
 47.726521944313355   3.810636138708285e-30 
  47.74988201982067  2.9547692005689427e-30 
  47.77324209532799  2.2898796287436486e-30 
   47.7966021708353  1.7736370492832332e-30 
  47.81996224634261  1.3730294712068799e-30 
  47.84332232184993   1.062326401052747e-30 
 47.866682397357245   8.214839804467845e-31 
  47.89004247286456   6.348969361876801e-31 
  47.91340254837187   4.904224835601589e-31 
  47.93676262387919  3.7861735902469405e-31 
   47.9601226993865  2.9214178587797118e-31 
 47.983482774893815  2.2529411436894687e-31 
 48.006842850401135  1.7364769434701447e-31 
  48.03020292590845  1.3376768299345633e-31 
  48.05356300141576  1.0299031740412187e-31 
  48.07692307692308   7.925097191463724e-32 
  48.10028315243039   6.095029415138754e-32 
 48.123643227937706   4.685004617769148e-32 
  48.14700330344502  3.5992105167895907e-32 
  48.17036337895234   2.763550998878931e-32 
  48.19372345445965   2.120756107329226e-32 
  48.21708352996696   1.626585803984324e-32 
  48.24044360547428  1.2468845322332268e-32 
 48.263803680981596   9.552972021348258e-33 
  48.28716375648891   7.314990771725002e-33 
  48.31052383199622   5.598247152171936e-33 
  48.33388390750354   4.282066046909761e-33 
 48.357243983010854   3.273540089144123e-33 
 48.380604058518166  2.5011801570229885e-33 
 48.403964134025486   1.910008472805548e-33 
   48.4273242095328  1.4577687010124422e-33 
  48.45068428504011  1.1120004363630799e-33 
  48.47404436054743    8.47782216477199e-34 
 48.497404436054744    6.45991279768428e-34 
  48.52076451156206   4.919625196505012e-34 
  48.54412458706937  3.7445564949430444e-34 
  48.56748466257669  2.8486019410462773e-34 
    48.590844738084  2.1658389164485067e-34 
 48.614204813591314  1.6458245968507038e-34 
 48.637564889098634  1.2499825569803696e-34 
  48.66092496460595   9.488277223588623e-35 
  48.68428504011326    7.19836370795342e-35 
  48.70764511562057   5.458121710604552e-35 
  48.73100519112789   4.136334513796893e-35 
 48.754365266635205   3.132932949515405e-35 
  48.77772534214252   2.371644307249744e-35 
  48.80108541764984  1.7943659470736763e-35 
  48.82444549315715  1.3568614089805343e-35 
  48.84780556866446  1.0254700271312624e-35 
  48.87116564417178   7.745928076094029e-36 
 48.894525719679095   5.847725222968413e-36 
  48.91788579518641  4.4122840511538023e-36 
  48.94124587069372   3.327384412526639e-36 
  48.96460594620104    2.50787277387208e-36 
  48.98796602170835   1.889169963670661e-36 
 49.011326097215665  1.4223273849539043e-36 
 49.034686172722985  1.0702644995093843e-36 
   49.0580462482303   8.049069493849861e-37 
  49.08140632373761   6.050109602507521e-37 
  49.10476639924493   4.545103905844935e-37 
  49.12812647475224  3.4126158094046276e-37 
 49.151486550259555   2.560908072580231e-37 
  49.17484662576687  1.9207179203667038e-37 
  49.19820670127419  1.4397801976863729e-37 
   49.2215667767815  1.0786779778614873e-37 
  49.24492685228881   8.077006586473099e-38 
  49.26828692779613   6.044662679696612e-38 
 49.291647003303446   4.521231158225375e-38 
  49.31500707881076   3.379903976220096e-38 
  49.33836715431807  2.5253118734977887e-38 
  49.36172722982539  1.8857698497820057e-38 
   49.3850873053327  1.4074253316803112e-38 
 49.408447380840016   1.049844669685183e-38 
 49.431807456347336   7.826863145483166e-39 
  49.45516753185465  5.8319452906517976e-39 
  49.47852760736196  4.3431232175281306e-39 
  49.50188768286928   3.232614144123679e-39 
 49.525247758376594  2.4047425910799135e-39 
 49.548607833883906   1.787912786813499e-39 
  49.57196790939122  1.3285780527100317e-39 
  49.59532798489854   9.867129449810639e-40 
  49.61868806040585   7.324156007122698e-40 
 49.642048135913164  5.4335961351176826e-40 
 49.665408211420484  4.0288410432591546e-40 
   49.6887682869278  2.9856295377680343e-40 
  49.71212836243511  2.2113358825609813e-40 
  49.73548843794242   1.636954152798016e-40 
  49.75884851344974  1.2111036902003074e-40 
 49.782208588957054   8.955485752478521e-41 
  49.80556866446437   6.618506133363334e-41 
  49.82892873997169   4.888704787920782e-41 
    49.852288815479   3.609031376977832e-41 
  49.87564889098631  2.6628733523649164e-41 
  49.89900896649363  1.9636920141855534e-41 
 49.922369042000945  1.4473022749563257e-41 
  49.94572911750826  1.0661249916976058e-41 
  49.96908919301557   7.849102704354532e-42 
  49.99244926852289   5.775570747006344e-42 
   50.0158093440302   4.247494378756039e-42 
 50.039169419537515   3.122005947047468e-42 
 50.062529495044835  2.2934942080683804e-42 
  50.08588957055215  1.6839321082893957e-42 
  50.10924964605946  1.2357041823449525e-42 
  50.13260972156678   9.062905754034474e-43 
  50.15596979707409     6.6432931856569e-43 
 50.179329872581405   4.867011624620042e-43 
  50.20268994808872  3.5637264151915383e-43 
  50.22605002359604  2.6080105102560163e-43 
  50.24941009910335  1.9075561339213012e-43 
  50.27277017461066   1.394467268991498e-43 
  50.29613025011798  1.0188314239616181e-43 
 50.319490325625296   7.439767207478536e-44 
  50.34285040113261   5.429744200182738e-44 
  50.36621047663992   3.960612940576821e-44 
  50.38957055214724   2.887409909486473e-44 
  50.41293062765455  2.1038631731255518e-44 
 50.436290703161866  1.5321085955679924e-44 
 50.459650778669186   1.115127728633269e-44 
   50.4830108541765   8.111901891910333e-45 
  50.50637092968381   5.897714870867895e-45 
  50.52973100519113   4.285562803018395e-45 
 50.553091080698444   3.112396826243581e-45 
 50.576451156205756  2.2591500239511102e-45 
  50.59981123171307  1.6389216379321515e-45 
  50.62317130722039  1.1883224840925751e-45 
   50.6465313827277   8.611393765548132e-46 
 50.669891458235014   6.236997796561076e-46 
 50.693251533742334   4.514823131275771e-46 
  50.71661160924965   3.266396493942607e-46 
  50.73997168475696  2.3618921816064135e-46 
  50.76333176026427  1.7069242360125435e-46 
  50.78669183577159  1.2329101546894627e-46 
 50.810051911278904   8.900442992168822e-47 
  50.83341198678622    6.42177114793486e-47 
  50.85677206229354   4.630853423123604e-47 
  50.88013213780085  3.3375690044392913e-47 
  50.90349221330816     2.4041550929043e-47 
  50.92685228881548   1.730843161023548e-47 
 50.950212364322795  1.2454203580902245e-47 
  50.97357243983011   8.956476963906816e-48 
  50.99693251533742   6.437562735564875e-48 
  51.02029259084474   4.624542169773907e-48 
  51.04365266635205    3.32031297176833e-48 
 51.067012741859365   2.382606425700761e-48 
 51.090372817366685    1.70878964575125e-48 
    51.113732892874  1.2248641040319548e-48 
  51.13709296838131   8.775062520649836e-49 
  51.16045304388863   6.283122686023934e-49 
  51.18381311939594   4.496388920283362e-49 
 51.207173194903255  3.2159938272353613e-49 
  51.23053327041057  2.2989501408979945e-49 
  51.25389334591789  1.6425057817169578e-49 
   51.2772534214252  1.1728629568422562e-49 
  51.30061349693251   8.370485364779479e-50 
  51.32397357243983  5.9705868670170345e-50 
 51.347333647947146  4.2564389605199985e-50 
  51.37069372345446   3.032765330071146e-50 
  51.39405379896177  2.1597038977564318e-50 
  51.41741387446909   1.537137175182137e-50 
   51.4407739499764   1.093437711933013e-50 
 51.464134025483716   7.773891576877397e-51 
 51.487494100991036   5.523901407501192e-51 
  51.51085417649835  3.9229824600102993e-51 
  51.53421425200566   2.784516672988448e-51 
  51.55757432751298    1.97536014642739e-51 
 51.580934403020294  1.4005730352342808e-51 
 51.604294478527606   9.924948057238963e-52 
  51.62765455403492   7.029326771680533e-52 
  51.65101462954224  4.9757921606611956e-52 
  51.67437470504955  3.5202518773154905e-52 
 51.697734780556864   2.489133870704601e-52 
 51.721094856064184   1.759080760640728e-52 
   51.7444549315715  1.2424711445660615e-52 
  51.76781500707881   8.771014975973246e-53 
  51.79117508258612   6.188371854015627e-53 
  51.81453515809344   4.363811277784815e-53 
 51.837895233600754   3.075519797472776e-53 
  51.86125530910807  2.1663773286142873e-53 
  51.88461538461539  1.5251504446513315e-53 
   51.9079754601227  1.0731347980774255e-53 
  51.93133553563001   7.546731144627639e-54 
  51.95469561113733    5.30428056255566e-54 
 51.978055686644645   3.726122296597478e-54 
  52.00141576215196   2.616078255264862e-54 
  52.02477583765927   1.835723913941484e-54 
  52.04813591316659  1.2874400303142477e-54 
   52.0714959886739   9.024219701324939e-55 
 52.094856064181215    6.32201205985101e-55 
 52.118216139688535  4.4265358760138794e-55 
  52.14157621519585  3.0976736776176353e-55 
  52.16493629070316  2.1665581544551645e-55 
  52.18829636621048    1.51449570037418e-55 
  52.21165644171779  1.0581049524898126e-55 
 52.235016517225105   7.388435017920161e-56 
  52.25837659273242   5.156311874835425e-56 
  52.28173666823974  3.5965732119910896e-56 
  52.30509674374705  2.5072731019977495e-56 
  52.32845681925436  1.7469375758981942e-56 
  52.35181689476168   1.216511278582419e-56 
 52.375176970268996   8.466772714358932e-57 
  52.39853704577631   5.889557576723283e-57 
  52.42189712128362  4.0945902749585445e-57 
  52.44525719679094   2.845124253673159e-57 
  52.46861727229825  1.9758548330695002e-57 
 52.491977347805566   1.371424292015505e-57 
 52.515337423312886   9.513748151498657e-58 
   52.5386974988202    6.59620997233165e-58 
  52.56205757432751   4.570885068986907e-58 
  52.58541764983483   3.165695505516766e-58 
 52.608777725342144  2.1912956989263608e-58 
 52.632137800849456  1.5159882717577274e-58 
  52.65549787635677  1.0482230491545498e-58 
  52.67885795186409   7.243935541682571e-59 
   52.7022180273714   5.003322046404509e-59 
 52.725578102878714   3.453864908130437e-59 
 52.748938178386034    2.38295172602872e-59 
  52.77229825389335  1.6431913896011468e-59 
  52.79565832940066  1.1324631134352432e-59 
  52.81901840490797   7.800509823601475e-60 
  52.84237848041529   5.370131489014963e-60 
 52.865738555922604  3.6949610070727456e-60 
  52.88909863142992   2.540959881415155e-60 
  52.91245870693724  1.7464202768442587e-60 
  52.93581878244455   1.199672574332913e-60 
  52.95917885795186   8.236443137886318e-61 
  52.98253893345918   5.651707627508518e-61 
 53.005899008966495   3.875990267534443e-61 
  53.02925908447381   2.656737692072229e-61 
  53.05261915998112   1.820026389886546e-61 
  53.07597923548844  1.2461482202538663e-61 
  53.09933931099575   8.527558873599273e-62 
 53.122699386503065     5.8323390096012e-62 
 53.146059462010385   3.986794051600007e-62 
   53.1694195375177   2.723753817428857e-62 
  53.19277961302501   1.859837117038477e-62 
  53.21613968853233  1.2692435878013196e-62 
  53.23949976403964   8.657212020964257e-63 
 53.262859839546955   5.901659351704643e-63 
  53.28621991505427  4.0209922016437274e-63 
  53.30957999056159   2.738137997574096e-63 
   53.3329400660689  1.8635473919339752e-63 
  53.35630014157621  1.2676184743400628e-63 
  53.37966021708353   8.617865003269671e-64 
 53.403020292590845   5.855632625703895e-64 
  53.42638036809816   3.976591368744769e-64 
  53.44974044360547  2.6990511667326788e-64 
  53.47310051911279  1.8309406983311674e-64 
   53.4964605946201  1.2413677184591949e-64 
 53.519820670127416   8.411813301767106e-65 
 53.543180745634736    5.69694217290659e-65 
  53.56654082114205  3.8561774063191826e-65 
  53.58990089664936  2.6087664992699073e-65 
  53.61326097215668  1.7639099918856616e-65 
  53.63662104766399  1.1920120354474282e-65 
 53.659981123171306    8.05096370747781e-66 
  53.68334119867862   5.434731663394662e-66 
  53.70670127418594  3.6666659995157463e-66 
  53.73006134969325  2.4724504993737276e-66 
 53.753421425200564  1.6662757268631437e-66 
 53.776781500707884  1.1223521396019071e-66 
 53.800141576215196   7.555694996147278e-67 
  53.82350165172251  5.0837326845251325e-67 
  53.84686172722982   3.418644981105885e-67 
  53.87022180273714  2.2976734582729303e-67 
 53.893581878244454  1.5434253209584738e-67 
  53.91694195375177  1.0362056184004609e-67 
  53.94030202925909  6.9529526703242165e-68 
   53.9636621047664   4.662894741246861e-68 
  53.98702218027371   3.125395332671701e-68 
  54.01038225578103  2.0937137976518687e-68 
 54.033742331288344   1.401821379971333e-68 
  54.05710240679566   9.380609387864163e-69 
  54.08046248230297   6.273825476095072e-69 
  54.10382255781029   4.193694820054864e-69 
   54.1271826333176  2.8017167168836907e-69 
 54.150542708824915  1.8707451507572776e-69 
 54.173902784332235  1.2484410588710637e-69 
  54.19726285983955   8.326921434405207e-70 
  54.22062293534686  5.5509063356357424e-70 
  54.24398301085418  3.6983357863511556e-70 
  54.26734308636149  2.4627015802508606e-70 
 54.290703161868805  1.6390048802051863e-70 
  54.31406323737612  1.0902138948244462e-70 
  54.33742331288344   7.247799779411479e-71 
  54.36078338839075   4.815747086260611e-71 
  54.38414346389806   3.198041993172847e-71 
  54.40750353940538    2.12259756751951e-71 
 54.430863614912695  1.4080373356501943e-71 
  54.45422369042001   9.335201310337618e-72 
  54.47758376592732   6.185804829731585e-72 
  54.50094384143464  4.0966772237133067e-72 
  54.52430391694195   2.711629124456635e-72 
 54.547663992449266  1.7938736095455362e-72 
 54.571024067956586  1.1860866023696348e-72 
   54.5943841434639   7.837976702421732e-73 
  54.61774421897121  5.1767184423827027e-73 
  54.64110429447853   3.417182153969446e-73 
  54.66446436998584   2.254471362485196e-73 
 54.687824445493156  1.4865664426616233e-73 
  54.71118452100047   9.796860753952849e-74 
  54.73454459650779   6.452864626149967e-74 
   54.7579046720151   4.247967462131449e-74 
 54.781264747522414  2.7949421123522125e-74 
 54.804624823029734   1.837923631030374e-74 
 54.827984898537046  1.2079393094013448e-74 
  54.85134497404436    7.93461348154326e-75 
  54.87470504955167   5.209180973436584e-75 
  54.89806512505899  3.4180319967040346e-75 
 54.921425200566304  2.2415364771622675e-75 
  54.94478527607362  1.4691918343344724e-75 
  54.96814535158094   9.624412082135609e-76 
  54.99150542708825   6.301340122888876e-76 
  55.01486550259556  4.1233921761671203e-76 
  55.03822557810288  2.6967418303787734e-76 
 55.061585653610194  1.7627353315112012e-76 
  55.08494572911751  1.1515899220603415e-76 
  55.10830580462482   7.519199543294253e-77 
  55.13166588013214    4.90691317372708e-77 
  55.15502595563945  3.2004286163635837e-77 
 55.178386031146765  2.0862719791696774e-77 
 55.201746106654085   1.359241774876266e-77 
   55.2251061821614   8.850860804037663e-78 
  55.24846625766871   5.760196730011181e-78 
  55.27182633317603   3.746727693142694e-78 
  55.29518640868334  2.4357345297459757e-78 
 55.318546484190655  1.5825986243316557e-78 
  55.34190655969797  1.0277195626043846e-78 
  55.36526663520529   6.670240168205876e-79 
   55.3886267107126  4.3268449008380744e-79 
  55.41198678621991   2.805202342009026e-79 
  55.43534686172723  1.8176910392345175e-79 
 55.458706937234545  1.1771693563859706e-79 
  55.48206701274186   7.619401140923675e-80 
  55.50542708824917    4.92907853147337e-80 
  55.52878716375649  3.1869382222699124e-80 
   55.5521472392638   2.059418267813431e-80 
 55.575507314771116  1.3300822111593725e-80 
 55.598867390278436   8.585694239598655e-81 
  55.62222746578575   5.539050941998156e-81 
  55.64558754129306  3.5715629502029996e-81 
  55.66894761680038  2.3016764143088425e-81 
  55.69230769230769  1.4824949895469297e-81 
 55.715667767815006    9.54344575930411e-82 
  55.73902784332232   6.140167142076045e-82 
  55.76238791882964   3.948373109952965e-82 
  55.78574799433695    2.53757674841995e-82 
 55.809108069844264  1.6299834524335517e-82 
 55.832468145351584   1.046430075359791e-82 
 55.855828220858896   6.714292230014178e-83 
  55.87918829636621   4.305794255835526e-83 
  55.90254837187352  2.7597473005709106e-83 
  55.92590844738084  1.7678620328057943e-83 
 55.949268522888154  1.1318540495249811e-83 
  55.97262859839547   7.242616631877008e-84 
  55.99598867390279   4.631946928452672e-84 
   56.0193487494101   2.960701749467643e-84 
  56.04270882491741  1.8914233857483094e-84 
  56.06606890042473  1.2076632675955462e-84 
 56.089428975932044   7.706655894925482e-85 
  56.11278905143936   4.915289337123328e-85 
  56.13614912694667  3.1332512064439255e-85 
  56.15950920245399  1.9962013826913708e-85 
   56.1828692779613  1.2710905708405944e-85 
 56.206229353468615   8.089313198076419e-86 
 56.229589428975935   5.145289465865947e-86 
  56.25294950448325  3.2709279884208945e-86 
  56.27630957999056  2.0782374275942985e-86 
  56.29966965549788  1.3197216742250018e-86 
  56.32302973100519   8.375920473731392e-87 
 56.346389806512505   5.313072591321595e-87 
  56.36974988201982   3.368386844376583e-87 
  56.39310995752714  2.1343281080589296e-87 
  56.41647003303445   1.351647401145837e-87 
  56.43983010854176    8.55517016177511e-88 
  56.46319018404908   5.411988921023438e-88 
 56.486550259556395   3.421749040791663e-88 
  56.50991033506371   2.162232635124892e-88 
  56.53327041057102  1.3655879951715381e-88 
  56.55663048607834   8.619855211953162e-89 
  56.57999056158565   5.438050800104789e-89 
 56.603350637092966   3.428858458346247e-89 
 56.626710712600286   2.160821359900264e-89 
   56.6500707881076  1.3609782318702318e-89 
  56.67343086361491   8.567349856897548e-90 
  56.69679093912223   5.390199430478623e-90 
  56.72015101462954  3.3894261359679032e-90 
 56.743511090136856  2.1301516488317093e-90 
  56.76687116564417   1.338005441887414e-90 
  56.79023124115149   8.399786457509097e-91 
   56.8135913166588   5.270376238987704e-91 
 56.836951392166114  3.3050497570572173e-91 
 56.860311467673434  2.0714640148071094e-91 
 56.883671543180746  1.2975968803922812e-91 
  56.90703161868806   8.123911821004334e-92 
  56.93039169419537    5.08339219003877e-92 
  56.95375176970269   3.179106246475411e-92 
 56.977111845210004   1.987098867748733e-92 
  57.00047192071732  1.2413576297682157e-92 
  57.02383199622464   7.750636484722127e-93 
  57.04719207173195   4.836607303477475e-93 
  57.07055214723926   3.016527540999409e-93 
  57.09391222274658   1.880341671038135e-93 
 57.117272298253894  1.1714648314165153e-93 
  57.14063237376121   7.294318929864464e-94 
  57.16399244926852  4.5394501313576295e-94 
  57.18735252477584   2.823480283297325e-94 
  57.21071260028315  1.7552107806928613e-94 
 57.234072675790465  1.0905279591512539e-94 
 57.257432751297785    6.77185015940969e-95 
   57.2807928268051   4.202820904571902e-95 
  57.30415290231241  2.6069784192159705e-95 
  57.32751297781973  1.6162070500038922e-95 
  57.35087305332704  1.0014276218411643e-95 
 57.374233128834355  6.2016198898899876e-96 
  57.39759320434167   3.838430929926687e-96 
  57.42095327984899  2.3744625534101344e-96 
   57.4443133553563  1.4680468926885916e-96 
  57.46767343086361    9.07146730929279e-97 
  57.49103350637093   5.602452202780759e-97 
 57.514393581878245  3.4581337682504473e-97 
  57.53775365738556  2.1333810146390206e-97 
  57.56111373289287  1.3154007088550768e-97 
  57.58447380840019   8.106077016679551e-98 
   57.6078338839075   4.992595584855905e-98 
 57.631193959414816   3.073300732340226e-98 
 57.654554034922135  1.8908049868258808e-98 
  57.67791411042945  1.1626565085467048e-98 
  57.70127418593676   7.145277888642949e-99 
  57.72463426144408  4.3888408115837885e-99 
  57.74799433695139   2.694285056155556e-99 
 57.771354412458706   1.653104333391561e-99 
  57.79471448796602  1.0137246215287397e-99 
  57.81807456347334  6.213019745603532e-100 
  57.84143463898065  3.805822079351124e-100 
 57.864794714487964  2.330007061882669e-100 
  57.88815478999528   1.42570279747233e-100 
 57.911514865502596  8.718941719763742e-101 
  57.93487494100991  5.329194317534668e-101 
  57.95823501651722  3.255534829685236e-101 
  57.98159509202454 1.9876785197568364e-101 
 58.004955167531854 1.2129222177774481e-101 
  58.02831524303917  7.397462405440608e-102 
 58.051675318546486  4.509159426675474e-102 
   58.0750353940538  2.747080732881935e-102 
  58.09839546956111 1.6726699846640533e-102 
  58.12175554506843 1.0179164036972654e-102 
 58.145115620575744  6.191230467729742e-103 
  58.16847569608306  3.763611935676077e-103 
  58.19183577159037  2.286629025442511e-103 
  58.21519584709769  1.388511864965562e-103 
    58.238555922605   8.42687374013981e-104 
 58.261915998112315   5.11147672008186e-104 
 58.285276073619634 3.0987696652651803e-104 
  58.30863614912695 1.8775660037560223e-104 
  58.33199622463426 1.1370096189467243e-104 
  58.35535630014157 6.8817053373706534e-105 
  58.37871637564889  4.162852428705671e-105 
 58.402076451156205  2.516801515301846e-105 
  58.42543652666352  1.520792375022639e-105 
  58.44879660217084  9.184465655889287e-106 
  58.47215667767815  5.543714691412657e-106 
  58.49551675318546  3.344343333929563e-106 
  58.51887682869278 2.0164332483585762e-106 
 58.542236904200095  1.215121910247158e-106 
  58.56559697970741  7.318445826368017e-107 
  58.58895705521472 4.4053546975475224e-107 
  58.61231713072204 2.6503663499074165e-107 
  58.63567720622935  1.593653661691211e-107 
 58.659037281736666  9.577341854225258e-108 
 58.682397357243985 5.7525319891357794e-108 
   58.7057574327513  3.453314274839031e-108 
  58.72911750825861 2.0719352245136445e-108 
  58.75247758376593 1.2424509493306804e-108 
  58.77583765927324  7.446382469344924e-109 
 58.799197734780556  4.460406444008688e-109 
  58.82255781028787    2.6703398598415e-109 
  58.84591788579519 1.5977971819091381e-109 
   58.8692779613025   9.55519977991191e-110 
 58.892638036809814  5.711114944408304e-110 
  58.91599811231713 3.4116544637941944e-110 
 58.939358187824446 2.0369116176427043e-110 
  58.96271826333176 1.2154646708996991e-110 
  58.98607833883907  7.248956661719676e-111 
  59.00943841434639  4.320874725781583e-111 
 59.032798489853704 2.5741322479857275e-111 
  59.05615856536102 1.5326854835091919e-111 
 59.079518640868336  9.120911490233697e-112 
  59.10287871637565   5.42483392189667e-112 
  59.12623879188296 3.2247619534535053e-112 
  59.14959886739028 1.9158957937444494e-112 
 59.172958942897594  1.137651163012079e-112 
  59.19631901840491  6.751641201834408e-113 
  59.21967909391222 4.0047241149450395e-113 
  59.24303916941954  2.374099188557312e-113 
  59.26639924492685 1.4066567180826543e-113 
 59.289759320434165  8.329911710641514e-114 
 59.313119395941484  4.930099455085079e-114 
   59.3364794714488  2.916311906671063e-114 
  59.35983954695611 1.7241508875393673e-114 
  59.38319962246342  1.018778045928402e-114 
  59.40655969797074   6.01654118105675e-115 
 59.429919773478055  3.551217058299414e-115 
  59.45327984898537  2.094934993270425e-115 
  59.47663992449269 1.2351704486648277e-115 
               59.5  7.278573009225745e-116 
