|bandpass_frequency|       bandpass_weights|
|            double|                 double|
|               GHz|                       |
|              null|                   null|
               10.0  2.3543322336501695e-23 
 10.023360075507314   2.933862786392378e-23 
 10.046720151014629  3.6540863051792233e-23 
 10.070080226521945   4.548673627533112e-23 
  10.09344030202926   5.659235265761918e-23 
 10.116800377536574   7.037165072584739e-23 
 10.140160453043888   8.745905248725114e-23 
 10.163520528551203  1.0863727398772074e-22 
 10.186880604058517   1.348714526373507e-22 
 10.210240679565834  1.6735100219947252e-22 
 10.233600755073148  2.0754091600667285e-22 
 10.256960830580462  2.5724461536735454e-22 
 10.280320906087777  3.1868089736732175e-22 
 10.303680981595091  3.9457809138345884e-22 
 10.327041057102408   4.882892071560063e-22 
 10.350401132609722   6.039326739839491e-22 
 10.373761208117037   7.465642603623342e-22 
 10.397121283624351      9.223869621127e-22 
 10.420481359131665  1.1390070980204899e-21 
  10.44384143463898  1.4057466072093788e-21 
 10.467201510146296  1.7340236644650952e-21 
  10.49056158565361  2.1378162935816297e-21 
 10.513921661160925  2.6342267546868298e-21 
  10.53728173666824  3.2441682175630986e-21 
 10.560641812175554   3.993199738860918e-21 
  10.58400188768287   4.912540992205191e-21 
 10.607361963190185  6.0403047424975434e-21 
 10.630722038697499   7.422992931810016e-21 
 10.654082114204813   9.117311720486312e-21 
 10.677442189712128  1.1192372221338176e-20 
 10.700802265219442   1.373235735747896e-20 
 10.724162340726759  1.6839751718559066e-20 
 10.747522416234073   2.063925102753365e-20 
 10.770882491741387   2.528249150507322e-20 
 10.794242567248702   3.095376780025854e-20 
 10.817602642756016    3.78769421591161e-20 
 10.840962718263333  4.6323788215014394e-20 
 10.864322793770647   5.662406150260394e-20 
 10.887682869277961   6.917764705660353e-20 
 10.911042944785276   8.446920408689859e-20 
  10.93440302029259  1.0308581088879565e-19 
 10.957763095799905  1.2573821242470664e-19 
 10.981123171307221  1.5328639144833157e-19 
 11.004483246814535  1.8677032524630838e-19 
  11.02784332232185   2.274469583178583e-19 
 11.051203397829164   2.768346216597766e-19 
 11.074563473336479   3.367663677476185e-19 
 11.097923548843795  4.0945397386866415e-19 
  11.12128362435111   4.975647035115599e-19 
 11.144643699858424   6.043133158848001e-19 
 11.168003775365738   7.335722889397586e-19 
 11.191363850873053   8.900037851731933e-19 
 11.214723926380369  1.0792175581041194e-18 
 11.238084001887684  1.3079597896017077e-18 
 11.261444077394998   1.584338786490316e-18 
 11.284804152902312   1.918094575276529e-18 
 11.308164228409627  2.3209207472213334e-18 
 11.331524303916941  2.8068484584425708e-18 
 11.354884379424256  3.3927043236927314e-18 
 11.378244454931572   4.098656107578485e-18 
 11.401604530438886   4.948862671538546e-18 
 11.424964605946201  5.9722476470035275e-18 
 11.448324681453515   7.203419854623234e-18 
  11.47168475696083    8.68376766948252e-18 
 11.495044832468146   1.046275945187234e-17 
  11.51840490797546  1.2599487949613492e-17 
 11.541764983482775  1.5164503379735484e-17 
  11.56512505899009  1.8241987887555266e-17 
 11.588485134497404  2.1932333461847842e-17 
  11.61184521000472  2.6355196390715046e-17 
 11.635205285512034  3.1653114247689566e-17 
 11.658565361019349  3.7995786519545176e-17 
 11.681925436526663  4.5585137696186255e-17 
 11.705285512033978  5.4661302368266765e-17 
 11.728645587541294   6.550969611853214e-17 
 11.752005663048608   7.846936432652448e-17 
 11.775365738555923   9.394283410374565e-17 
 11.798725814063237  1.1240773321412408e-16 
 11.822085889570552  1.3443048491174412e-16 
 11.845445965077866  1.6068244018424784e-16 
  11.86880604058518   1.919588701283299e-16 
 11.892166116092497  2.2920131249234683e-16 
 11.915526191599811    2.73523849403671e-16 
 11.938886267107126  3.2624398980516824e-16 
  11.96224634261444  3.8891894228826886e-16 
 11.985606418121755   4.633881942879162e-16 
 12.008966493629071   5.518234648248737e-16 
 12.032326569136385   6.567872733990742e-16 
   12.0556866446437   7.813015709965921e-16 
 12.079046720151014   9.289281147698958e-16 
 12.102406795658329  1.1038625407265011e-15 
 12.125766871165645  1.3110444043741825e-15 
  12.14912694667296  1.5562858242187392e-15 
 12.172487022180274  1.8464217847325077e-15 
 12.195847097687588   2.189485642425865e-15 
 12.219207173194903  2.5949139407048704e-15 
 12.242567248702219    3.07378528743536e-15 
 12.265927324209532  3.6390987962793554e-15 
 12.289287399716848   4.306098453467542e-15 
 12.312647475224162   5.092650762297958e-15 
 12.336007550731477   6.019684157221489e-15 
 12.359367626238791   7.111699989417247e-15 
 12.382727701746106   8.397366390816201e-15 
 12.406087777253422   9.910208051462317e-15 
 12.429447852760736  1.1689406927678002e-14 
  12.45280792826805   1.378073117168717e-14 
 12.476168003775365  1.6237612178099754e-14 
  12.49952807928268   1.912239262532632e-14 
 12.522888154789996   2.250777180317056e-14 
  12.54624823029731  2.6478478421159888e-14 
 12.569608305804625    3.11332055529062e-14 
  12.59296838131194   3.658684746634314e-14 
 12.616328456819254  4.2973083904254903e-14 
  12.63968853232657    5.04473640110042e-14 
 12.663048607833884   5.919034966058877e-14 
 12.686408683341199   6.941188655062479e-14 
 12.709768758848513   8.135558122754776e-14 
 12.733128834355828   9.530407335603038e-14 
 12.756488909863144  1.1158510521843892e-13 
 12.779848985370457  1.3057850482607323e-13 
 12.803209060877773      1.527242153659e-13 
 12.826569136385087  1.7853152224704676e-13 
 12.849929211892402  2.0858965002882167e-13 
 12.873289287399716   2.435799253244724e-13 
  12.89664936290703    2.84289728733439e-13 
 12.920009438414347   3.316284893545645e-13 
 12.943369513921661   3.866460099173856e-13 
 12.966729589428976  4.5055344952768255e-13 
  12.99008966493629   5.247473350129245e-13 
 13.013449740443605   6.108370214833102e-13 
 13.036809815950921   7.106760786830526e-13 
 13.060169891458235   8.263981427547508e-13 
  13.08352996696555     9.6045784402974e-13 
 13.106890042472864  1.1156775013288486e-12 
 13.130250117980179  1.2953003630662012e-12 
 13.153610193487495   1.503051276350786e-12 
  13.17697026899481  1.7432057785747737e-12 
 13.200330344502124   2.020668733095617e-12 
 13.223690420009438   2.341063773136699e-12 
 13.247050495516753  2.7108349777186516e-12 
 13.270410571024069   3.137362382216376e-12 
 13.293770646531382  3.6290931261637196e-12 
 13.317130722038698  4.1956902645619185e-12 
 13.340490797546012   4.848201518792163e-12 
 13.363850873053327   5.599250522171137e-12 
 13.387210948560641  6.4632534263532815e-12 
 13.410571024067956   7.456664081706818e-12 
 13.433931099575272   8.598251391197805e-12 
 13.457291175082586   9.909412867529195e-12 
   13.4806512505899  1.1414528901768597e-11 
 13.504011326097215   1.314136278358385e-11 
  13.52737140160453  1.5121512103989207e-11 
 13.550731477111846  1.7390917827171452e-11 
  13.57409155261916  1.9990438045220537e-11 
 13.597451628126475   2.296649423543945e-11 
  13.62081170363379   2.637179873249005e-11 
 13.644171779141104   3.026617311512348e-11 
  13.66753185464842  3.4717468299340246e-11 
 13.690891930155734   3.980259833636714e-11 
 13.714252005663049   4.560870124594185e-11 
 13.737612081170363  5.2234441684984105e-11 
 13.760972156677678    5.97914718717309e-11 
 13.784332232184994   6.840606896981025e-11 
 13.807692307692307   7.822096910074145e-11 
 13.831052383199623   8.939742031327741e-11 
 13.854412458706937  1.0211747921159584e-10 
 13.877772534214252  1.1658657855056695e-10 
 13.901132609721566  1.3303639596588472e-10 
  13.92449268522888  1.5172805714161817e-10 
 13.947852760736197  1.7295571015167952e-10 
 13.971212836243511  1.9705051146991634e-10 
 13.994572911750826    2.24385068253999e-10 
  14.01793298725814   2.553783859995019e-10 
 14.041293062765455   2.905013755642047e-10 
  14.06465313827277  3.3028297891226376e-10 
 14.088013213780085   3.753169787584508e-10 
   14.1113732892874   4.262695636434006e-10 
 14.134733364794714   4.838877268799567e-10 
 14.158093440302029   5.490085853239674e-10 
 14.181453515809345   6.225697120831689e-10 
 14.204813591316658   7.056205861345598e-10 
 14.228173666823974   7.993352714254116e-10 
 14.251533742331288    9.05026448437534e-10 
 14.274893817838603  1.0241609324586814e-09 
 14.298253893345919  1.1583768249844415e-09 
 14.321613968853232  1.3095024578357387e-09 
 14.344974044360548  1.4795773037844151e-09 
 14.368334119867862  1.6708750428009137e-09 
 14.391694195375177   1.885928989547852e-09 
 14.415054270882493  2.1275601055160966e-09 
 14.438414346389806  2.3989078383084763e-09 
 14.461774421897122  2.7034640511158432e-09 
 14.485134497404436  3.0451103274625197e-09 
  14.50849457291175  3.4281589599362006e-09 
 14.531854648419065   3.857397956928876e-09 
  14.55521472392638    4.33814042850412e-09 
 14.578574799433696  4.8762787414650285e-09 
  14.60193487494101   5.478343864619272e-09 
 14.625294950448325   6.151570358226963e-09 
  14.64865502595564   6.903967496765329e-09 
 14.672015101462954   7.744397051561133e-09 
  14.69537517697027   8.682658299625328e-09 
 14.718735252477583   9.729580867272282e-09 
 14.742095327984899   1.089712606192845e-08 
 14.765455403492213   1.219849739302178e-08 
 14.788815478999528  1.3648261033108264e-08 
 14.812175554506844   1.526247702351434e-08 
 14.835535630014157  1.7058842084858547e-08 
 14.858895705521473   1.905684495195538e-08 
 14.882255781028787   2.127793521487006e-08 
 14.905615856536102  2.3745706713376954e-08 
 14.928975932043418  2.6486096600839986e-08 
  14.95233600755073    2.95276012656668e-08 
 14.975696083058047   3.290151037397629e-08 
 14.999056158565361   3.664216037614025e-08 
 15.022416234072676   4.078720890225153e-08 
  15.04577630957999  4.5377931557579884e-08 
 15.069136385087305  5.0459542718480024e-08 
  15.09249646059462  5.6081542022183864e-08 
 15.115856536101935   6.229808834029503e-08 
  15.13921661160925   6.916840312563866e-08 
 15.162576687116564   7.675720512518948e-08 
 15.185936762623879   8.513517855826482e-08 
 15.209296838131195   9.437947696857034e-08 
 15.232656913638507  1.0457426507120175e-07 
 15.256016989145824  1.1581130103090716e-07 
 15.279377064653138  1.2819056172568077e-07 
 15.302737140160453  1.4182091367001112e-07 
 15.326097215667769  1.5682083239409086e-07 
 15.349457291175082  1.7331917319939636e-07 
 15.372817366682398   1.914559963361571e-07 
 15.396177442189712   2.113834497745526e-07 
 15.419537517697027  2.3326671286824944e-07 
 15.442897593204343  2.5728500433555944e-07 
 15.466257668711656  2.8363265811006554e-07 
 15.489617744218972  3.1252027073743035e-07 
 15.512977819726286  3.4417592411891685e-07 
   15.5363378952336  3.7884648752309864e-07 
 15.559697970740915   4.167990029051782e-07 
  15.58305804624823   4.583221576874848e-07 
 15.606418121755546   5.037278492638899e-07 
  15.62977819726286   5.533528455944345e-07 
 15.653138272770175    6.07560546353755e-07 
  15.67649834827749   6.667428491855906e-07 
 15.699858423784804   7.313221256971758e-07 
  15.72321849929212   8.017533118973701e-07 
 15.746578574799432   8.785261178428661e-07 
 15.769938650306749   9.621673613046269e-07 
 15.793298725814063  1.0532434302999686e-06 
 15.816658801321378  1.1523628793573485e-06 
 15.840018876828694  1.2601791643823992e-06 
 15.863378952336006   1.377393520981207e-06 
 15.886739027843323  1.5047579910638116e-06 
 15.910099103350637  1.6430786024979157e-06 
 15.933459178857952  1.7932187065082474e-06 
 15.956819254365268   1.956102477419028e-06 
  15.98017932987258  2.1327185792156157e-06 
 16.003539405379897   2.324124003250441e-06 
  16.02689948088721  2.5314480812454852e-06 
 16.050259556394526  2.7558966775365033e-06 
 16.073619631901842    2.99875656426776e-06 
 16.096979707409155   3.261399982982027e-06 
  16.12033978291647  3.5452893957473684e-06 
 16.143699858423787    3.85198242862805e-06 
   16.1670599339311   4.183137009937817e-06 
 16.190420009438412   4.540516705306135e-06 
  16.21378008494573  4.9259962511421304e-06 
 16.237140160453045   5.341567287600683e-06 
 16.260500235960357    5.78934429162989e-06 
 16.283860311467674  6.2715707101187244e-06 
  16.30722038697499  6.7906252925593624e-06 
 16.330580462482303   7.349028621996285e-06 
  16.35394053798962   7.949449842350904e-06 
  16.37730061349693   8.594713579481765e-06 
 16.400660689004248    9.28780705258021e-06 
  16.42402076451156  1.0031887371692129e-05 
 16.447380840018877   1.083028901631391e-05 
 16.470740915526193  1.1686531489128048e-05 
 16.494100991033505  1.2604327138024162e-05 
  16.51746106654082  1.3587589138600086e-05 
 16.540821142048138  1.4640439628343643e-05 
  16.56418121755545    1.57672179826863e-05 
 16.587541293062763   1.697248922206462e-05 
  16.61090136857008  1.8261052538058824e-05 
 16.634261444077396  1.9637949925579215e-05 
  16.65762151958471    2.11084749069589e-05 
 16.680981595092025    2.26781813326845e-05 
  16.70434167059934  2.4352892242350153e-05 
 16.727701746106654  2.6138708768284023e-05 
  16.75106182161397  2.8042019063132458e-05 
 16.774421897121282    3.00695072315772e-05 
   16.7977819726286   3.222816224518112e-05 
  16.82114204813591   3.452528681827311e-05 
 16.844502123643228   3.696850622168295e-05 
 16.867862199150544   3.956577701005303e-05 
 16.891222274657856  4.2325395637439164e-05 
 16.914582350165173  4.5256006934903506e-05 
  16.93794242567249  4.8366612422883745e-05 
   16.9613025011798   5.166657843021421e-05 
 16.984662576687118  5.5165643990880484e-05 
  17.00802265219443    5.88739284888188e-05 
 17.031382727701747   6.280193902043262e-05 
  17.05474280320906   6.696057744389608e-05 
 17.078102878716376   7.136114708386663e-05 
 17.101462954223692   7.601535905982213e-05 
 17.124823029731004   8.093533820600968e-05 
  17.14818310523832   8.613362855085122e-05 
 17.171543180745637   9.162319832361609e-05 
  17.19490325625295   9.741744445635295e-05 
 17.218263331760262  0.00010353019654930569 
  17.24162340726758  0.00010997572026849719 
 17.264983482774895  0.00011676872014471956 
 17.288343558282207  0.00012392434174399964 
 17.311703633789524  0.00013145817318043783 
  17.33506370929684  0.00013938624594347842 
 17.358423784804152   0.0001477250350129998 
  17.38178386031147   0.0001564914582369933 
  17.40514393581878  0.00016570287494834427 
 17.428504011326098  0.00017537708379906263 
  17.45186408683341  0.00018553231979235446 
 17.475224162340727   0.0001961872504952254 
 17.498584237848043  0.00020736097141667423 
 17.521944313355355   0.0002190730005392968 
  17.54530438886267  0.00023134327199484837 
 17.568664464369988    0.000244192128877424 
   17.5920245398773   0.0002576403151910969 
 17.615384615384613   0.0002717089669322886 
  17.63874469089193   0.0002864196023106927 
 17.662104766399246  0.00030179411111633665 
  17.68546484190656   0.0003178547432442943 
 17.708824917413875   0.0003346240963925995 
  17.73218499292119  0.00035212510295308465 
 17.755545068428503  0.00037038101611924746 
  17.77890514393582   0.0003894153952396953 
 17.802265219443132    0.000409252090450059 
  17.82562529495045   0.0004299152266213076 
  17.84898537045776   0.0004514291866665075 
 17.872345445965077  0.00047381859425333066 
 17.895705521472394   0.0004971082959739625 
 17.919065596979706   0.0005213233430291272 
 17.942425672487023   0.0005464889724874434 
  17.96578574799434   0.0005726305881861956 
  17.98914582350165   0.0005997737413441214 
 18.012505899008964   0.0006279441109614427 
  18.03586597451628   0.0006571674840869502 
 18.059226050023597   0.0006874697360357581 
  18.08258612553091   0.0007188768106461691 
 18.105946201038225   0.0007514147006675514 
  18.12930627654554   0.0007851094283751061 
 18.152666352052854   0.0008199870265105304 
  18.17602642756017    0.000856073519651739 
 18.199386503067487   0.0008933949061162227 
   18.2227465785748   0.0009319771405068453 
 18.246106654082112   0.0009718461170101878 
  18.26946672958943   0.0010130276535592908 
 18.292826805096745   0.0010555474769752872 
 18.316186880604057   0.0010994312092018899 
 18.339546956111374    0.001144704354748724 
  18.36290703161869   0.0011913922894589656 
 18.386267107126002    0.001239520250716536 
 18.409627182633315   0.0012891133292071881 
 18.432987258140635   0.0013401964623471728 
 18.456347333647948   0.0013927944294896567 
  18.47970740915526   0.0014469318490197898 
 18.503067484662576   0.0015026331774410828 
 18.526427560169893   0.0015599227105591018 
 18.549787635677205    0.001618824586857883 
  18.57314771118452   0.0016793627931639683 
 18.596507786691838   0.0017415611726860202 
  18.61986786219915    0.001805443435511933 
 18.643227937706463   0.0018710331716402422 
  18.66658801321378   0.0019383538666139268 
 18.689948088721096    0.002007428919817987 
  18.71330816422841   0.0020782816654948922 
 18.736668239735724    0.002150935396521197 
  18.76002831524304   0.0022254133909810525 
 18.783388390750353   0.0023017389415630127 
 18.806748466257666   0.0023799353877940756 
 18.830108541764986   0.0024600261511170413 
   18.8534686172723   0.0025420347728039934 
  18.87682869277961    0.002625984954689032 
 18.900188768286927   0.0027119006026894185 
 18.923548843794244    0.002799805873074889 
 18.946908919301556   0.0028897252214294166 
 18.970268994808873    0.002981683454240002 
  18.99362907031619   0.0030757057830314294 
   19.0169891458235    0.003171817880954948 
 19.040349221330814    0.003270045941724766 
  19.06370929683813   0.0033704167407826603 
 19.087069372345447   0.0034729576985587157 
  19.11042944785276    0.003577696945682451 
 19.133789523360075   0.0036846633899853005 
  19.15714959886739   0.0037938867851227682 
 19.180509674374704   0.0039053978006319385 
  19.20386974988202   0.0040192280932275296 
 19.227229825389337    0.004135410379126711 
  19.25058990089665     0.00425397850718195 
 19.273949976403962    0.004374967532590229 
  19.29731005191128    0.004498413790934884 
 19.320670127418595    0.004624354972306019 
 19.344030202925907    0.004752830195237796 
 19.367390278433223    0.004883880080188384 
  19.39075035394054   0.0050175468222836625 
 19.414110429447852    0.005153874263035085 
 19.437470504955165    0.005292907960737218 
 19.460830580462485    0.005434695259243661 
 19.484190655969797     0.00557928535481588 
  19.50755073147711    0.005726729360733452 
 19.530910806984426    0.005877080369353914 
 19.554270882491743    0.006030393511305233 
 19.577630957999055    0.006186726011496254 
  19.60099103350637     0.00634613724162668 
 19.624351109013688    0.006508688768882614 
    19.647711184521     0.00667444440050372 
 19.671071260028313    0.006843470223913033 
  19.69443133553563    0.007015834642104106 
 19.717791411042946    0.007191608403984398 
 19.741151486550258    0.007370864629385845 
 19.764511562057574    0.007553678828454621 
  19.78787163756489    0.007740128915146428 
 19.811231713072203    0.007930295214562847 
 19.834591788579516    0.008124260463874482 
 19.857951864086836    0.008322109806591127 
  19.88131193959415    0.008523930779949725 
  19.90467201510146    0.008729813295212574 
 19.928032090608777    0.008939849610674197 
 19.951392166116094     0.00915413429720092 
 19.974752241623406    0.009372764196141184 
 19.998112317130722    0.009595838369461849 
  20.02147239263804    0.009823458041990014 
  20.04483246814535    0.010055726535653427 
 20.068192543652664    0.010292749195642763 
  20.09155261915998    0.010534633308431672 
 20.114912694667296    0.010781488011616061 
  20.13827277017461    0.011033424195564252 
 20.161632845681925    0.011290554396878275 
  20.18499292118924    0.011552992683703224 
 20.208352996696554    0.011820854532941969 
  20.23171307220387    0.012094256699452126 
 20.255073147711187    0.012373317077332413 
   20.2784332232185     0.01265815455342766 
 20.301793298725812    0.012948888853206079 
  20.32515337423313    0.013245640379188621 
 20.348513449740445    0.013548530042125594 
 20.371873525247757    0.013857679085158402 
 20.395233600755073    0.014173208901202307 
  20.41859367626239    0.014495240843834514 
 20.441953751769702    0.014823896031971923 
 20.465313827277015     0.01515929514866075 
 20.488673902784335    0.015501558234314943 
 20.512033978291647    0.015850804474756217 
  20.53539405379896    0.016207151984438013 
 20.558754129306276    0.016570717585245257 
 20.582114204813593    0.016941616581279743 
 20.605474280320905    0.017319962530066523 
  20.62883435582822    0.017705867010618815 
 20.652194431335538     0.01809943938882023 
  20.67555450684285     0.01850078658059792 
 20.698914582350163    0.018910012813365226 
  20.72227465785748    0.019327219386224982 
 20.745634733364795    0.019752504429436078 
 20.768994808872108     0.02018596266365089 
 20.792354884379424    0.020627685159437706 
  20.81571495988674    0.021077759097601224 
 20.839075035394053    0.021536267530831855 
 20.862435110901366    0.022003289147199404 
 20.885795186408686    0.022478898036016316 
    20.909155261916     0.02296316345659019 
  20.93251533742331    0.023456149610395976 
 20.955875412930627     0.02395791541716208 
 20.979235488437944     0.02446851429540303 
 21.002595563945256    0.024987993947884014 
 21.025955639452572     0.02551639615252601 
  21.04931571495989     0.02605375655922416 
   21.0726757904672    0.026600104493068284 
 21.096035865974514     0.02715546276441499 
  21.11939594148183     0.02771984748627342 
 21.142756016989146    0.028293267899438986 
  21.16611609249646     0.02887572620578746 
 21.189476168003775    0.029467217410152537 
  21.21283624351109    0.030067729171159744 
 21.236196319018404    0.030677241661396504 
  21.25955639452572     0.03129572743727868 
 21.282916470033037     0.03192315131892508 
  21.30627654554035     0.03255947028038577 
 21.329636621047662    0.033204633350499106 
  21.35299669655498     0.03385858152464259 
 21.376356772062294     0.03452124768766858 
 21.399716847569607     0.03519255654820758 
 21.423076923076923     0.03587242458459429 
  21.44643699858424    0.036560760002564606 
 21.469797074091552    0.037257462704923215 
 21.493157149598865     0.03796242427330431 
 21.516517225106185      0.0386755279621541 
 21.539877300613497    0.039396648705029784 
  21.56323737612081     0.04012565313330266 
 21.586597451628126     0.04086239960730249 
 21.609957527135442      0.0416067382599497 
 21.633317602642755     0.04235851105288068 
  21.65667767815007      0.0431175518450509 
 21.680037753657388     0.04388368647378104 
   21.7033978291647    0.044656732848209924 
 21.726757904672013    0.045436501055043835 
  21.75011798017933     0.04622279347653409 
 21.773478055686645     0.04701540492056085 
 21.796838131193958    0.047814122762659755 
 21.820198206701274    0.048618727099867254 
  21.84355828220859    0.049428990916183704 
 21.866918357715903    0.050244680259466344 
 21.890278433223216    0.051065554429524235 
 21.913638508730536     0.05189136617719209 
  21.93699858423785     0.05272186191411191 
  21.96035865974516    0.053556781932977915 
 21.983718735252477     0.05439586063791399 
 22.007078810759793     0.05523882678471117 
 22.030438886267106     0.05608540373057165 
 22.053798961774422     0.05693530969305072 
  22.07715903728174     0.05778825801779362 
  22.10051911278905      0.0586439574547265 
 22.123879188296364    0.059502112442308866 
  22.14723926380368    0.060362423399409094 
 22.170599339310996     0.06122458702443383 
  22.19395941481831    0.062088296601226334 
 22.217319490325625     0.06295324231131556 
  22.24067956583294      0.0638191115520508 
 22.264039641340254     0.06468558926012538 
  22.28739971684757     0.06555235824003068 
 22.310759792354887     0.06641909949693378 
   22.3341198678622     0.06728549257343279 
 22.357479943369512     0.06815121588974263 
 22.380840018876828     0.06901594708671391 
 22.404200094384144     0.06987936337117255 
 22.427560169891457     0.07074114186305357 
 22.450920245398773     0.07160095994373526 
  22.47428032090609     0.07245849560505775 
 22.497640396413402     0.07331342779843038 
 22.521000471920715     0.07416543678347882 
 22.544360547428035     0.07501420447566458 
 22.567720622935347     0.07585941479228511 
  22.59108069844266     0.07670075399630717 
 22.614440773949976     0.07753791103746278 
 22.637800849457292     0.07837057789001395 
 22.661160924964605     0.07919844988665509 
  22.68452100047192      0.0800212260479886 
 22.707881075979238     0.08083860940699546 
  22.73124115148655     0.08165030732800163 
 22.754601226993863     0.08245603181956963 
  22.77796130250118     0.08325549984082414 
 22.801321378008495     0.08404843360067549 
 22.824681453515808     0.08483456084946579 
 22.848041529023124     0.08561361516255916 
  22.87140160453044     0.08638533621539952 
 22.894761680037753     0.08714947004960825 
 22.918121755545066     0.08790576932970641 
 22.941481831052386     0.08865399359004357 
   22.9648419065597     0.08939390947154936 
  22.98820198206701     0.09012529094800592 
 23.011562057574327     0.09084791954143591 
 23.034922133081643     0.09156158452638348 
 23.058282208588956     0.09226608312274967 
 23.081642284096272     0.09296122067698344 
  23.10500235960359     0.09364681083139016 
   23.1283624351109      0.0943226756813772 
 23.151722510618214     0.09498864592046273 
  23.17508258612553     0.09564456097296528 
 23.198442661632846      0.0962902691142401 
  23.22180273714016     0.09692562757841033 
 23.245162812647475     0.09755050265356645 
  23.26852288815479     0.09816476976442066 
 23.291882963662104     0.09876831354248139 
  23.31524303916942     0.09936102788373888 
 23.338603114676737      0.0999428159940206 
  23.36196319018405     0.10051359042208349 
 23.385323265691362      0.1010732730806368 
 23.408683341198678     0.10162179525539364 
 23.432043416705994     0.10215909760242309 
 23.455403492213307     0.10268513013397604 
 23.478763567720623     0.10319985219304773 
  23.50212364322794     0.10370323241692386 
 23.525483718735252     0.10419524869000646 
 23.548843794242565     0.10467588808621892 
 23.572203869749885      0.1051451468012751 
 23.595563945257197     0.10560303007520917 
  23.61892402076451     0.10604955210540681 
 23.642284096271826     0.10648473595057513 
 23.665644171779142     0.10690861342596032 
 23.689004247286455      0.1073212249901885 
  23.71236432279377     0.10772261962407154 
 23.735724398301087     0.10811285470177152 
   23.7590844738084     0.10849199585468096 
 23.782444549315713      0.1088601168283523 
  23.80580462482303     0.10921729933284968 
 23.829164700330345     0.10956363288687343 
 23.852524775837658     0.10989921465598708 
 23.875884851344974     0.11022414928528083 
  23.89924492685229     0.11053854872675505 
 23.922605002359603     0.11084253206177488 
 23.945965077866916      0.1111362253188288 
 23.969325153374236     0.11141976128692255 
 23.992685228881548     0.11169327932477749 
  24.01604530438886     0.11195692516612765 
 24.039405379896177     0.11221085072133423 
 24.062765455403493      0.1124552138754672 
 24.086125530910806     0.11269017828306359 
 24.109485606418122     0.11291591315970748 
  24.13284568192544     0.11313259307059041 
  24.15620575743275     0.11334039771611794 
 24.179565832940064       0.113539511714737 
  24.20292590844738     0.11373012438299865 
 24.226285983954696      0.1139124295129758 
  24.24964605946201     0.11408662514700996 
 24.273006134969325     0.11425291334994737 
  24.29636621047664     0.11441149997875785 
 24.319726285983954     0.11456259444961597 
  24.34308636149127     0.11470640950245584 
 24.366446436998586     0.11484316096296059 
   24.3898065125059     0.11497306750197477 
 24.413166588013212      0.1150963503923665 
 24.436526663520528     0.11521323326329287 
 24.459886739027844     0.11532394185184294 
 24.483246814535157     0.11542870375209677 
 24.506606890042473     0.11552774816153734 
  24.52996696554979      0.1156213056248508 
 24.553327041057102     0.11570960777514859 
 24.576687116564415      0.1157928870725662 
 24.600047192071735     0.11587137654038525 
 24.623407267579047     0.11594530949864096 
  24.64676734308636     0.11601491929533934 
 24.670127418593676     0.11608043903539834 
 24.693487494100992     0.11614210130738127 
 24.716847569608305     0.11620013790826264 
  24.74020764511562     0.11625477956627402 
 24.763567720622937     0.11630625566215294 
  24.78692779613025     0.11635479394897581 
 24.810287871637563     0.11640062027083194 
  24.83364794714488     0.11644395828061847 
 24.857008022652195     0.11648502915736095 
 24.880368098159508       0.116524051323316 
 24.903728173666824     0.11656124016130724 
  24.92708824917414     0.11659680773270273 
 24.950448324681453      0.1166309624964963 
 24.973808400188766     0.11666390902996453 
 24.997168475696085     0.11669584775139863 
 25.020528551203398     0.11672697464550746 
  25.04388862671071     0.11675748099201708 
 25.067248702218027     0.11678755309807153 
 25.090608777725343     0.11681737203507732 
 25.113968853232656     0.11684711338060304 
 25.137328928739972     0.11687694696601782 
  25.16068900424729     0.11690703663055282 
   25.1840490797546     0.11693753998245647 
 25.207409155261914     0.11696860816793712 
  25.23076923076923     0.11700038564867758 
 25.254129306276546     0.11703300998851435 
  25.27748938178386     0.11706661165013045 
 25.300849457291175      0.1171013138023493 
  25.32420953279849     0.11713723213885603 
 25.347569608305804      0.1171744747089424 
  25.37092968381312      0.1172131417610203 
 25.394289759320436      0.1172533255995459 
  25.41764983482775     0.11729511045599418 
  25.44100991033506     0.11733857237453305 
 25.464369985842378     0.11738377911292049 
 25.487730061349694     0.11743079005926903 
 25.511090136857007     0.11747965616512554 
 25.534450212364323     0.11753041989536948 
  25.55781028787164     0.11758311519536643 
 25.581170363378952     0.11763776747578998 
 25.604530438886265     0.11769439361539422 
 25.627890514393584     0.11775300198208492 
 25.651250589900897     0.11781359247245667 
  25.67461066540821      0.1178761565700463 
 25.697970740915526     0.11794067742235584 
 25.721330816422842     0.11800712993667549 
 25.744690891930155     0.11807548089481076 
  25.76805096743747     0.11814568908647938 
 25.791411042944787     0.11821770546134591 
   25.8147711184521     0.11829147329944172 
 25.838131193959413     0.11836692839968692 
  25.86149126946673      0.1184439992861835 
 25.884851344974045     0.11852260743183922 
 25.908211420481358     0.11860266749888118 
 25.931571495988674     0.11868408759564666 
  25.95493157149599     0.11876676954911485 
 25.978291647003303     0.11885060919241663 
  26.00165172251062     0.11893549666665965 
 26.025011798017932      0.1190213167362184 
 26.048371873525248     0.11910794911662945 
  26.07173194903256       0.119195268814199 
 26.095092024539877     0.11928314647637453 
 26.118452100047193     0.11937144875178338 
 26.141812175554506      0.1194600386589621 
 26.165172251061822     0.11954877596263284 
 26.188532326569135     0.11963751755638477 
  26.21189240207645     0.11972611785057143 
 26.235252477583767     0.11981442916427115 
  26.25861255309108     0.11990230211997838 
 26.281972628598396     0.11998958603988967 
  26.30533270410571     0.12007612934240502 
 26.328692779613025     0.12016177993762278 
  26.35205285512034     0.12024638562054847 
 26.375412930627654     0.12032979446067639 
  26.39877300613497     0.12041185518668827 
 26.422133081642283     0.12049241756498619 
   26.4454931571496     0.12057133277081271 
 26.468853232656915     0.12064845375064243 
 26.492213308164228     0.12072363557470978 
 26.515573383671544      0.1207967357783987 
 26.538933459178857     0.12086761469140025 
 26.562293534686173     0.12093613575343723 
 26.585653610193486     0.12100216581552123 
 26.609013685700802     0.12106557542570852 
 26.632373761208118     0.12112623909832158 
  26.65573383671543     0.12118403556574286 
 26.679093912222747     0.12123884801189445 
  26.70245398773006     0.12129056428659575 
 26.725814063237376     0.12133907710002562 
 26.749174138744692     0.12138428419663962 
 26.772534214252005     0.12142608850794909 
  26.79589428975932     0.12146439828356274 
 26.819254365266634     0.12149912720012394 
  26.84261444077395      0.1215301944476597 
 26.865974516281266     0.12155752479316667 
  26.88933459178858     0.12158104862109714 
 26.912694667295895      0.1216007019507022 
 26.936054742803208     0.12161642643010828 
 26.959414818310524     0.12162816930724524 
  26.98277489381784     0.12163588337763921 
 27.006134969325153     0.12163952690937034 
  27.02949504483247     0.12163906354541293 
 27.052855120339782     0.12163446218375308 
 27.076215195847098      0.1216256968357311 
  27.09957527135441      0.1216127464631419 
 27.122935346861727      0.1215955947946687 
 27.146295422369043     0.12157423012240905 
 27.169655497876356     0.12154864507914312 
 27.193015573383672     0.12151883639729548 
 27.216375648890985     0.12148480465036147 
   27.2397357243983     0.12144655397791632 
 27.263095799905617     0.12140409179504445 
  27.28645587541293     0.12135742848748911 
 27.309815950920246     0.12130657709345208 
  27.33317602642756     0.12125155297342513 
 27.356536101934875     0.12119237346913594 
  27.37989617744219     0.12112905755301127 
 27.403256252949504     0.12106162546939293 
  27.42661632845682      0.1209900983689187 
 27.449976403964133     0.12091449793740108 
  27.47333647947145     0.12083484602066909 
 27.496696554978765     0.12075116424672278 
 27.520056630486078     0.12066347364672637 
 27.543416705993394     0.12057179427620653 
 27.566776781500707     0.12047614483797564 
 27.590136857008023      0.1203765423081659 
 27.613496932515336     0.12027300156689229 
 27.636857008022652     0.12016553503490467 
 27.660217083529968     0.12005415231767942 
  27.68357715903728     0.11993885985836296 
 27.706937234544597     0.11981966060089136 
  27.73029731005191      0.1196965536646637 
 27.753657385559226     0.11956953403199881 
 27.777017461066542     0.11943859224978563 
 27.800377536573855     0.11930371414631072 
  27.82373761208117     0.11916488056467744 
 27.847097687588484     0.11902206711371269 
   27.8704577630958     0.11887524393758309 
 27.893817838603116      0.1187243755049792 
  27.91717791411043     0.11856942041890697 
 27.940537989617745     0.11841033124784742 
 27.963898065125058     0.11824705437917175 
 27.987258140632374     0.11807952989543462 
  28.01061821613969      0.1179076914742439 
 28.033978291647003     0.11773146631226049 
  28.05733836715432     0.11755077507379633 
  28.08069844266163      0.1173655318643828 
 28.104058518168948     0.11717564422970057 
  28.12741859367626     0.11698101318003645 
 28.150778669183577     0.11678153324041043 
 28.174138744690893     0.11657709252649417 
 28.197498820198206     0.11636757284621661 
 28.220858895705522     0.11615284982701307 
 28.244218971212835     0.11593279306847193 
  28.26757904672015     0.11570726632012948 
 28.290939122227467      0.1154761276840158 
  28.31429919773478     0.11523922984154523 
 28.337659273242096     0.11499642030417413 
  28.36101934874941     0.11474754168727279 
 28.384379424256725     0.11449243200648375 
  28.40773949976404     0.11423092499580718 
 28.431099575271354     0.11396285044662792 
  28.45445965077867     0.11368803456676155 
 28.477819726285983      0.1134063003585156 
   28.5011798017933     0.11311746801480463 
 28.524539877300615     0.11282135533219714 
 28.547899952807928     0.11251777813976435 
 28.571260028315244     0.11220655074252121 
 28.594620103822557     0.11188748637826974 
 28.617980179329873     0.11156039768649145 
 28.641340254837186     0.11122509718803564 
 28.664700330344502     0.11088139777421342 
 28.688060405851818      0.1105291132039242 
  28.71142048135913     0.11016805860741315 
 28.734780556866447     0.10979805099521486 
  28.75814063237376     0.10941890977084699 
 28.781500707881076     0.10903045724582318 
 28.804860783388392     0.10863251915547649 
 28.828220858895705      0.1082249251741723 
  28.85158093440302     0.10780750942844511 
 28.874941009910334     0.10738011100657756 
  28.89830108541765     0.10694257446323908 
 28.921661160924966     0.10649475031770388 
  28.94502123643228     0.10603649554429265 
 28.968381311939595     0.10556767405364045 
 28.991741387446908     0.10508815716346742 
 29.015101462954224     0.10459782405750644 
  29.03846153846154     0.10409656223134645 
 29.061821613968853     0.10358426792397199 
  29.08518168947617     0.10306084653374971 
  29.10854176498348     0.10252621301779981 
 29.131901840490798     0.10198029227361052 
  29.15526191599811     0.10142301950189417 
 29.178621991505427      0.1008543405496788 
 29.201982067012743      0.1002742122327617 
 29.225342142520056     0.09968260263660803 
 29.248702218027372     0.09907949139498204 
 29.272062293534685     0.09846486994547866 
    29.295422369042     0.09783874176142722 
 29.318782444549317     0.09720112255944593 
  29.34214252005663     0.09655204048220467 
 29.365502595563946       0.095891536255925 
  29.38886267107126     0.09521966332222793 
 29.412222746578575     0.09453648794400493 
  29.43558282208589      0.0938420892851146 
 29.458942897593204     0.09313655946368458 
  29.48230297310052     0.09242000357895207 
 29.505663048607833     0.09169253971160576 
  29.52902312411515     0.09095429889767734 
 29.552383199622465     0.09020542507604096 
 29.575743275129778     0.08944607500980314 
 29.599103350637094     0.08867641818170316 
 29.622463426144407     0.08789663666391105 
 29.645823501651723     0.08710692496255942 
 29.669183577159036     0.08630748983744504 
  29.69254365266635     0.08549855009738838 
 29.715903728173668     0.08468033637180797 
  29.73926380368098     0.08385309085907028 
 29.762623879188297     0.08301706705232484 
  29.78598395469561     0.08217252944348036 
 29.809344030202926     0.08131975320608276 
 29.832704105710242     0.08045902385790403 
 29.856064181217555     0.07959063690406074 
  29.87942425672487     0.07871489746153958 
 29.902784332232184     0.07783211986604802 
   29.9261444077395     0.07694262726212565 
 29.949504483246816      0.0760467511775117 
  29.97286455875413     0.07514483108273631 
 29.996224634261445     0.07423721393699925 
 30.019584709768758     0.07332425372137143 
 30.042944785276074     0.07240631096037929 
  30.06630486078339     0.07148375223308273 
 30.089664936290703     0.07055694967471113 
  30.11302501179802     0.06962628047000302 
  30.13638508730533     0.06869212633932531 
 30.159745162812648     0.06775487301874178 
  30.18310523831996     0.06681490973510233 
 30.206465313827277     0.06587262867731639 
 30.229825389334593     0.06492842446490571 
 30.253185464841906     0.06398269361495049 
 30.276545540349222     0.06303583400855066 
 30.299905615856535     0.06208824435786556 
  30.32326569136385     0.06114032367485085 
 30.346625766871167    0.060192470742707144 
  30.36998584237848    0.059245083591119525 
 30.393345917885796     0.05829855897631853 
  30.41670599339311    0.057353291866923214 
 30.440066068900425    0.056409674936595385 
  30.46342614440774    0.055468098064409714 
 30.486786219915054     0.05452894784389704 
  30.51014629542237     0.05359260710162716 
 30.533506370929683    0.052659454426221254 
    30.556866446437    0.051729863708582784 
 30.580226521944315    0.050804203694173794 
 30.603586597451628    0.049882837548069804 
 30.626946672958944     0.04896612243352922 
 30.650306748466257     0.04805440910473357 
 30.673666823973573     0.04714804151436873 
 30.697026899480885    0.046247356436610466 
   30.7203869749882      0.0453526831061037 
 30.743747050495518     0.04446434287342762 
  30.76710712600283     0.04358264887752992 
 30.790467201510147     0.04270790573554565 
  30.81382727701746     0.04184040925039796 
 30.837187352524776     0.04098044613650371 
 30.860547428032092     0.04012829376389498 
 30.883907503539405    0.039284219920981536 
  30.90726757904672     0.03844848259617612 
 30.930627654554034    0.037621329778543454 
  30.95398773006135     0.03680299927755712 
 30.977347805568666     0.03599371856207674 
  31.00070788107598     0.03519370461852822 
 31.024067956583295     0.03440316382830158 
 31.047428032090608     0.03362229186427911 
 31.070788107597924     0.03285127360641168 
  31.09414818310524     0.03209028307618378 
 31.117508258612553     0.03133948338978312 
  31.14086833411987     0.03059902672975492 
  31.16422840962718    0.029869054334882163 
 31.187588485134498    0.029149696507978377 
  31.21094856064181    0.028441072641260015 
 31.234308636149127     0.02774329125894981 
 31.257668711656443    0.027056450076674572 
 31.281028787163756    0.026380636077245542 
 31.304388862671072    0.025715925602358154 
 31.327748938178384     0.02506238445970544 
   31.3511090136857    0.024420068045003084 
 31.374469089193017    0.023789021478372106 
  31.39782916470033    0.023169279754523653 
 31.421189240207646    0.022560867906155316 
  31.44454931571496    0.021963801179956798 
 31.467909391222275    0.021378085224607327 
  31.49126946672959    0.020803716290123255 
 31.514629542236904    0.020240681437918854 
  31.53798961774422     0.01968895876090928 
 31.561349693251532    0.019148517612999988 
  31.58470976875885    0.018619318847280804 
 31.608069844266165    0.018101315062252557 
 31.631429919773478    0.017594450855399946 
 31.654789995280794    0.017098663083433698 
 31.678150070788107      0.0166138811285154 
 31.701510146295423    0.016140027169798017 
 31.724870221802735     0.01567701645959472 
  31.74823029731005    0.015224757603521254 
 31.771590372817368    0.014783152843950403 
  31.79495044832468    0.014352098346128347 
 31.818310523831997    0.013931484486318998 
  31.84167059933931    0.013521196141352696 
 31.865030674846626    0.013121112978967085 
 31.888390750353942    0.012731109748347678 
 31.911750825861255    0.012351056570295007 
  31.93511090136857    0.011980819226455622 
 31.958470976875883    0.011620259447074129 
   31.9818310523832    0.011269235196757094 
  32.00519112789051    0.010927600957738858 
 32.028551203397825      0.0105952080101796 
 32.051911278905145      0.0102719047090359 
  32.07527135441246      0.0099575367570775 
  32.09863142991978    0.009651947473634907 
  32.12199150542709    0.009354978058699575 
   32.1453515809344     0.00906646785201017 
 32.168711656441715    0.008786254586792035 
  32.19207173194903    0.008514174637836519 
  32.21543180745635    0.008250063263629103 
  32.23879188296366     0.00799375484226739 
  32.26215195847098    0.007745083100923397 
  32.28551203397829    0.007503881338637281 
 32.308872109485606     0.00726998264224881 
  32.33223218499292     0.00704322009529511 
  32.35559226050023    0.006823426979729329 
  32.37895233600755     0.00661043697033267 
  32.40231241151487    0.006404084321719174 
  32.42567248702218    0.006204204047845327 
 32.449032562529496    0.006010632093966537 
  32.47239263803681    0.005823205500993971 
  32.49575271354412   0.0056417625622279125 
  32.51911278905144    0.005466142972461543 
  32.54247286455875    0.005296187969464741 
  32.56583294006607    0.005131740467874772 
 32.589193015573386    0.004972645185536183 
   32.6125530910807     0.00481874876234754 
  32.63591316658801    0.004669899871683973 
 32.659273242095324     0.00452594932448124 
 32.682633317602644   0.0043867501660751216 
  32.70599339310996    0.004252157765904555 
 32.729353468617276   0.0041220299001945414 
  32.75271354412459    0.003996226827746859 
   32.7760736196319    0.003874611358974094 
 32.799433695139214    0.003757048918319475 
  32.82279377064653   0.0036434076002153574 
  32.84615384615385     0.00353355821873597 
  32.86951392166116   0.0034273743511088416 
  32.89287399716848   0.0033247323752518174 
  32.91623407267579     0.00322551150150985 
 32.939594148183104   0.0031295937987662207 
  32.96295422369042   0.0030368642151097068 
  32.98631429919773    0.002947210593237352 
  33.00967437470505    0.002860523680780115 
  33.03303445021237   0.0027766971357343364 
  33.05639452571968   0.0026956275271881156 
 33.079754601226995   0.0026172143315286982 
  33.10311467673431    0.002541359924319982 
  33.12647475224162   0.0024679695680365284 
  33.14983482774894    0.002396951395842264 
  33.17319490325625   0.0023282163915999375 
  33.19655497876357    0.002261678366296123 
 33.219915054270885   0.0021972539310670465 
   33.2432751297782    0.002134862467005248 
  33.26663520528551    0.002074426091929848 
  33.28999528079282   0.0020158696242968364 
  33.31335535630014   0.0019591205444269098 
 33.336715431807455   0.0019041089532228714 
 33.360075507314775   0.0018507675285495545 
  33.38343558282209   0.0017990314794426587 
   33.4067956583294    0.001748838498313262 
  33.43015573383671   0.0017001287113103357 
 33.453515809344026   0.0016528446269997816 
 33.476875884851346   0.0016069310835180805 
  33.50023596035866   0.0015623351943515164 
  33.52359603586598   0.0015190062928921283 
  33.54695611137329   0.0014768958759166337 
   33.5703161868806   0.0014359575461304842 
 33.593676262387916   0.0013961469539169186 
  33.61703633789523   0.0013574217384270213 
  33.64039641340255   0.0013197414681417952 
  33.66375648890987   0.0012830675810369615 
  33.68711656441718    0.001247363324472072 
 33.710476639924494   0.0012125936949272992 
 33.733836715431806    0.001178725377703814 
  33.75719679093912   0.0011457266867009614 
  33.78055686644643   0.0011135675043795678 
  33.80391694195375   0.0010822192220160704 
  33.82727701746107   0.0010516546803489956 
 33.850637092968384   0.0010218481107143835 
   33.8739971684757   0.0009927750767631056 
  33.89735724398301    0.000964412416848472 
  33.92071731949032   0.0009367381871687348 
  33.94407739499764    0.000909731605744342 
 33.967437470504954   0.0008833729973057282 
 33.990797546012274    0.000857643739163234 
  34.01415762151959    0.000832526208125914 
   34.0375176970269   0.0008080037285321279 
  34.06087777253421   0.0007840605214500376 
 34.084237848041525   0.0007606816551021275 
 34.107597923548845   0.0007378529965626176 
  34.13095799905616   0.0007155611647734899 
  34.15431807456348   0.0006937934849191394 
  34.17767815007079   0.0006725379441962947 
   34.2010382255781   0.0006517831490108483 
 34.224398301085415    0.000631518283629284 
  34.24775837659273   0.0006117330703078873 
  34.27111845210005   0.0005924177309188475 
  34.29447852760736   0.0005735629500881327 
  34.31783860311468   0.0005551598398558441 
  34.34119867862199   0.0005371999058660535 
 34.364558754129305   0.0005196750150886275 
  34.38791882963662   0.0005025773650723114 
  34.41127890514393  0.00048589945472449225 
  34.43463898065125  0.00046963405660870185 
  34.45799905615857   0.0004537741907490944 
  34.48135913166588   0.0004383130999255734 
 34.504719207173196   0.0004232442264421156 
  34.52807928268051  0.00040856119034638275 
  34.55143935818782  0.00039425776907641883 
  34.57479943369514  0.00038032787850707825 
  34.59815950920245  0.00036676555536693816 
  34.62151958470977   0.0003535649409928193 
 34.644879660217086  0.00034072026638806745 
   34.6682397357244   0.0003282258385479804 
  34.69159981123171   0.0003160760280135264 
 34.714959886739024  0.00030426525761378595 
 34.738319962246344  0.00029278799235493144 
 34.761680037753656   0.0002816387304130254 
 34.785040113260976  0.00027081199518606613 
  34.80840018876829  0.00026030232836018644 
   34.8317602642756   0.0002501042839438878 
 34.855120339782914  0.00024021242322353793 
  34.87848041529023  0.00023062131059289683 
  34.90184049079755  0.00022132551020917368 
  34.92520056630486  0.00021231958342793244 
  34.94856064181218  0.00020359808696918016 
  34.97192071731949  0.00019515557176721606 
 34.995280792826804  0.00018698658245705165 
  35.01864086833412   0.0001790856574507691 
  35.04200094384143  0.00017144732955774592 
  35.06536101934875  0.00016406612710341475 
  35.08872109485607   0.0001569365755021311 
  35.11208117036338  0.00015005319924062417 
 35.135441245870695  0.00014341052422966292 
  35.15880132137801  0.00013700308048271542 
  35.18216139688532  0.00013082540508163866 
  35.20552147239263  0.00012487204539081878 
  35.22888154789995  0.00011913756248258009 
  35.25224162340727  0.00011361653473819446 
 35.275601698914585  0.00010830356159036182 
   35.2989617744219  0.00010319326737458188 
  35.32232184992921   9.828030525856585e-05 
  35.34568192543652   9.355936122039592e-05 
  35.36904200094384   8.902515804788635e-05 
 35.392402076451155   8.467245933329276e-05 
 35.415762151958475   8.049607343916787e-05 
  35.43912222746579   7.649085741300573e-05 
   35.4624823029731    7.26517208298179e-05 
  35.48584237848041   6.897362954364712e-05 
 35.509202453987726   6.545160933061019e-05 
 35.532562529495046   6.208074940768414e-05 
  35.55592260500236     5.8856205813144e-05 
  35.57928268050968  5.5773204635998904e-05 
  35.60264275601699   5.282704508345905e-05 
   35.6260028315243   5.001310237680642e-05 
 35.649362907031616   4.732683046760389e-05 
  35.67272298253893   4.476376456744819e-05 
  35.69608305804625  4.2319523485905854e-05 
  35.71944313355356  3.9989811772431243e-05 
  35.74280320906088   3.777042165936039e-05 
 35.766163284568194   3.565723480418666e-05 
 35.789523360075506  3.3646223830383017e-05 
  35.81288343558282  3.1733453667087325e-05 
  35.83624351109013  2.9915082688898803e-05 
  35.85960358659745  2.8187363657903337e-05 
  35.88296366210477   2.654664447089299e-05 
 35.906323737612084     2.4989368715466e-05 
   35.9296838131194   2.351207603940041e-05 
  35.95304388862671  2.2111402338286912e-05 
  35.97640396413402  2.0784079767006893e-05 
  35.99976403964134  1.9526936581089782e-05 
 36.023124115148654  1.8336896814450662e-05 
 36.046484190655974  1.7210979800366806e-05 
  36.06984426616329  1.6146299542889547e-05 
   36.0932043416706  1.5140063946125476e-05 
  36.11656441717791  1.4189573909066266e-05 
 36.139924492685225  1.3292222293778966e-05 
 36.163284568192545  1.2445492774906917e-05 
  36.18664464369986  1.1646958578486996e-05 
  36.21000471920718  1.0894281118123918e-05 
  36.23336479471449  1.0185208536553797e-05 
   36.2567248702218   9.517574160571784e-06 
 36.280084945729115    8.88929487722816e-06 
  36.30344502123643   8.298369439075686e-06 
  36.32680509674375   7.742876706111354e-06 
  36.35016517225106  7.2209738318895375e-06 
  36.37352524775838    6.73089440108724e-06 
  36.39688532326569   6.270946525595786e-06 
 36.420245398773005  5.8395109059764086e-06 
  36.44360547428032   5.435038864872905e-06 
  36.46696554978763   5.056050358713843e-06 
  36.49032562529495   4.701131973763401e-06 
  36.51368570080227   4.368934912298869e-06 
  36.53704577630958  4.0581729744028006e-06 
 36.560405851816896   3.767620540563904e-06 
  36.58376592732421  3.4961105599846162e-06 
  36.60712600283152   3.242532549187965e-06 
  36.63048607833884  3.0058306052224487e-06 
  36.65384615384615   2.785001437459795e-06 
  36.67720622935347  2.5790924216852835e-06 
 36.700566304860786  2.3871996798901287e-06 
   36.7239263803681  2.2084661888813847e-06 
  36.74728645587541  2.0420799205508013e-06 
 36.770646531382724  1.8872720163630284e-06 
  36.79400660689004  1.7433149983584693e-06 
 36.817366682397356  1.6095210187086598e-06 
 36.840726757904676  1.4852401496099417e-06 
  36.86408683341199   1.369858715063252e-06 
   36.8874469089193  1.2627976658562837e-06 
 36.910806984426614  1.1635109988454569e-06 
  36.93416705993393  1.0714842214265925e-06 
  36.95752713544125   9.862328618835982e-07 
  36.98088721094856   9.073010261189988e-07 
  37.00424728645588   8.342600010932291e-07 
  37.02760736196319   7.667069051348062e-07 
 37.050967437470504   7.042633851294142e-07 
  37.07432751297782   6.465743604529419e-07 
  37.09768758848513   5.933068133809849e-07 
  37.12104766399245    5.44148625585298e-07 
  37.14440773949977   4.988074602162814e-07 
  37.16776781500708   4.570096889685969e-07 
 37.191127890514394   4.184993634352751e-07 
  37.21448796602171  3.8303722997307243e-07 
  37.23784804152902  3.5039978722802623e-07 
  37.26120811703633  3.2037838540526136e-07 
  37.28456819254365   2.927783663105917e-07 
  37.30792826805097   2.674182431423514e-07 
 37.331288343558285  2.4412891897054755e-07 
   37.3546484190656   2.227529428062914e-07 
  37.37800849457291  2.0314380213660194e-07 
  37.40136857008022  1.8516525077824928e-07 
  37.42472864558754   1.686906708887527e-07 
 37.448088721094855   1.536024679624552e-07 
 37.471448796602175    1.39791497634403e-07 
  37.49480887210949  1.2715652311437377e-07 
   37.5181689476168   1.156037020769969e-07 
  37.54152902312411  1.0504610184178665e-07 
 37.564889098631426    9.54032416879875e-08 
 37.588249174138745   8.660066116362089e-08 
  37.61160924964606   7.856951326544342e-08 
  37.63496932515338   7.124618138634101e-08 
  37.65832940066069   6.457191894891948e-08 
    37.681689476168   5.849251066801916e-08 
 37.705049551675316  5.2957954410844036e-08 
  37.72840962718263   4.792216265055367e-08 
  37.75176970268995   4.334268253769717e-08 
  37.77512977819726    3.91804336433261e-08 
  37.79848985370458   3.539946245787956e-08 
  37.82184992921189    3.19667127607535e-08 
 37.845210004719206  2.8851811006700476e-08 
  37.86857008022652  2.6026865906738075e-08 
  37.89193015573383  2.3466281412724748e-08 
  37.91529023124115   2.114658234636177e-08 
  37.93865030674847  1.9046251944693872e-08 
 37.962010382255784  1.7145580625220703e-08 
 37.985370457763096  1.5426525304437985e-08 
  38.00873053327041  1.3872578633797792e-08 
  38.03209060877772  1.2468647546703796e-08 
  38.05545068428504  1.1200940539178248e-08 
 38.078810759792354  1.0056863135151228e-08 
 38.102170835299674   9.024921014888599e-09 
  38.12553091080699   8.094630311904352e-09 
   38.1488909863143   7.256434609646072e-09 
  38.17225106182161   6.501628194424744e-09 
 38.195611137328925  5.8222851452973035e-09 
 38.218971212836244   5.211193865032672e-09 
  38.24233128834356  4.6617966787807125e-09 
  38.26569136385088  4.1681341486826514e-09 
  38.28905143935819   3.724793773380596e-09 
   38.3124115148655  3.3268627612041997e-09 
 38.335771590372815  2.9698845847694926e-09 
  38.35913166588013  2.6498190427901283e-09 
  38.38249174138745  2.3630055721325543e-09 
  38.40585181689476  2.1061295695174365e-09 
  38.42921189240208  1.8761914978335155e-09 
  38.45257196790939   1.670478566790847e-09 
 38.475932043416705   1.486538791616892e-09 
  38.49929211892402  1.3221572467315586e-09 
  38.52265219443133  1.1753343438304776e-09 
  38.54601226993865   1.044265975600709e-09 
  38.56937234544597   9.273253774081469e-10 
  38.59273242095328   8.230465697557329e-10 
 38.616092496460595   7.301092541520987e-10 
  38.63945257196791   6.473250442649551e-10 
  38.66281264747522   5.736249229014393e-10 
  38.68617272298254   5.080478234759329e-10 
  38.70953279848985  4.4973024222575225e-10 
  38.73289287399717    3.97896794539793e-10 
 38.756252949504486  3.5185163540089657e-10 
   38.7796130250118  3.1097067013243456e-10 
  38.80297310051911   2.746944874093794e-10 
 38.826333176026424   2.425219518644987e-10 
  38.84969325153374   2.140043986161324e-10 
 38.873053327041056  1.8874037668459719e-10 
 38.896413402548376  1.6637089257255944e-10 
  38.91977347805569  1.4657510927948594e-10 
    38.943133553563    1.29066459719976e-10 
 38.966493629070314   1.135891369417727e-10 
  38.98985370457763   9.991492670498986e-11 
 39.013213780084946   8.784035090958365e-11 
  39.03657385559226   7.718409305799913e-11 
  39.05993393109958   6.778467942848194e-11 
  39.08329400660689   5.949839192810375e-11 
 39.106654082114204   5.219739070469631e-11 
  39.13001415762152  4.5768026537517154e-11 
  39.15337423312883   4.010932480945145e-11 
  39.17673430863615   3.513162449992946e-11 
  39.20009438414347   3.075535713888976e-11 
  39.22345445965078   2.690995203715252e-11 
 39.246814535158094  2.3532855367908897e-11 
  39.27017461066541  2.0568651825735302e-11 
  39.29353468617272  1.7968278642235805e-11 
  39.31689476168003  1.5688322698841567e-11 
  39.34025483718735  1.3690392354395515e-11 
  39.36361491269467   1.194055640487569e-11 
 39.386974988201985   1.040884332111092e-11 
   39.4103350637093    9.06879457337255e-12 
  39.43369513921661   7.897066454733794e-12 
  39.45705521472392   6.873075363071088e-12 
  39.48041529023124   5.978681999076305e-12 
 39.503775365738555   5.197910389086177e-12 
 39.527135441245875   4.516698050695907e-12 
  39.55049551675319  3.9226739897986725e-12 
   39.5738555922605  3.4049615531574382e-12 
  39.59721566776781   2.954003464032865e-12 
 39.620575743275126  2.5614066425646493e-12 
 39.643935818782445   2.219804660175981e-12 
  39.66729589428976  1.9227359006782647e-12 
  39.69065596979708  1.6645357021345834e-12 
  39.71401604530439  1.4402409350009004e-12 
   39.7373761208117   1.245505635402359e-12 
 39.760736196319016  1.0765264593262886e-12 
  39.78409627182633   9.299768555867646e-13 
  39.80745634733365   8.029489740359765e-13 
  39.83081642284096   6.929024319600162e-13 
  39.85417649834828   5.976191570773004e-13 
  39.87753657385559   5.151636111250924e-13 
 39.900896649362906  4.4384777464339145e-13 
  39.92425672487022   3.822003421356166e-13 
  39.94761680037753  3.2893963809653773e-13 
  39.97097687588485   2.829498191844235e-13 
  39.99433695139217   2.432599767310273e-13 
 40.017697026899484  2.0902579742792065e-13 
 40.041057102406796   1.795134789421891e-13 
  40.06441717791411  1.5408563188412833e-13 
  40.08777725342142  1.3218893041632413e-13 
  40.11113732892874  1.1334330125528552e-13 
 40.134497404436054   9.713246522988181e-14 
 40.157857479943374   8.319566725060414e-14 
  40.18121755545069   7.122044979823526e-14 
    40.204577630958   6.093634212221512e-14 
  40.22793770646531   5.210935248200764e-14 
 40.251297781972625   4.453716417990048e-14 
 40.274657857479944   3.804494800919233e-14 
  40.29801793298726    3.24817142477615e-14 
  40.32137800849458  2.7717136614221877e-14 
  40.34473808400189  2.3638788808403007e-14 
   40.3680981595092  2.0149741500884358e-14 
 40.391458235016515   1.716647402572063e-14 
  40.41481831052383  1.4617060663425314e-14 
  40.43817838603115  1.2439596363544559e-14 
  40.46153846153846  1.0580831124738133e-14 
  40.48489853704578   8.994986093603258e-15 
  40.50825861255309    7.64272782226039e-15 
 40.531618688060405   6.490280093164205e-15 
  40.55497876356772    5.50865532576293e-15 
  40.57833883907503  4.6729898661268754e-15 
  40.60169891458235   3.961969465337327e-15 
  40.62505899008967  3.3573330089198995e-15 
  40.64841906559698  2.8434440974432544e-15 
 40.671779141104295  2.4069214240362512e-15 
  40.69513921661161   2.036320071171254e-15 
  40.71849929211892   1.721856877150873e-15 
  40.74185936762624  1.4551739204948988e-15 
  40.76521944313355  1.2291349538368011e-15 
  40.78857951864087  1.0376503020986674e-15 
 40.811939594148186   8.755263350759443e-16 
   40.8352996696555   7.383361430459764e-16 
  40.85865974516281   6.223084952613611e-16 
  40.88201982067012   5.242325536412939e-16 
  40.90537989617744  4.4137615508644065e-16 
 40.928739971684756  3.7141577211579274e-16 
 40.952100047192076    3.12376518695658e-16 
  40.97546012269939   2.625807912092178e-16 
   40.9988201982067   2.206043278914093e-16 
 41.022180273714014  1.8523863757734155e-16 
 41.045540349221326  1.5545889363876984e-16 
 41.068900424728646  1.3039651445628627e-16 
  41.09226050023596  1.0931576025644943e-16 
  41.11562057574328   9.159376987499945e-17 
  41.13898065125059   7.670354194171175e-17 
 41.162340726757904   6.419943482030983e-17 
  41.18570080226522   5.370481986185122e-17 
  41.20906087777253  4.4901574430600556e-17 
  41.23242095327985   3.752114585933739e-17 
  41.25578102878717   3.133695596149924e-17 
  41.27914110429448  2.6157948816159803e-17 
 41.302501179801794  2.1823112983627596e-17 
  41.32586125530911  1.8196833740860956e-17 
  41.34922133081642   1.516495189916172e-17 
  41.37258140632373   1.263142375953068e-17 
  41.39594148183105   1.051549218727499e-17 
  41.41930155733837   8.749292004616643e-18 
 41.442661632845684   7.275824217248973e-18 
    41.466021708353    6.04724327496137e-18 
  41.48938178386031   5.023409847932806e-18 
  41.51274185936762   4.170668677739218e-18 
  41.53610193487494   3.460817106732346e-18 
 41.559462010382255  2.8702350486774258e-18 
 41.582822085889575  2.3791515642468295e-18 
  41.60618216139689  1.9710269563202856e-18 
   41.6295422369042    1.63203249580346e-18 
  41.65290231241151   1.350612609435754e-18 
 41.676262387918825  1.1171166759164526e-18 
 41.699622463426145   9.234895449830662e-19 
  41.72298253893346   7.630115666211094e-19 
  41.74634261444078   6.300803379351294e-19 
  41.76970268994809   5.200275806266788e-19 
   41.7930627654554  4.2896558438518417e-19 
 41.816422840962716   3.536585180621809e-19 
  41.83978291647003   2.914146445434746e-19 
  41.86314299197735   2.399960966345089e-19 
  41.88650306748466  1.9754339698923717e-19 
  41.90986314299198   1.625123495950259e-19 
  41.93322321849929     1.3362130589459e-19 
 41.956583294006606  1.0980712576566045e-19 
  41.97994336951392    9.01884212137471e-20 
  42.00330344502124   7.403489634848334e-20 
  42.02666352052855   6.074178745848345e-20 
 42.050023596035864   4.980856724614001e-20 
  42.07338367154318   4.082121217959766e-20 
 42.096743747050496  3.3437445403436916e-20 
  42.12010382255781     2.7374463061968e-20 
  42.14346389806512   2.239873205763499e-20 
  42.16682397357244  1.8317514585257458e-20 
 42.190184049079754   1.497183127580701e-20 
  42.21354412458707  1.2230622162376459e-20 
 42.236904200094386    9.98590439183286e-21 
   42.2602642756017   8.148758868780661e-21 
  42.28362435110901   6.646005863625688e-21 
  42.30698442661633  5.4174529118597425e-21 
 42.330344502123644   4.413617808519612e-21 
  42.35370457763096   3.593845776075457e-21 
  42.37706465313827  2.9247534739665328e-21 
  42.40042472864559  2.3789438593716864e-21 
   42.4237848041529  1.9339453678902915e-21 
 42.447144879660215  1.5713367670875812e-21 
 42.470504955167534  1.2760256035397142e-21 
  42.49386503067485  1.0356536315665171e-21 
  42.51722510618216   8.401071607698389e-22 
  42.54058518168948   6.811140418229634e-22 
  42.56394525719679   5.519121529470421e-22 
 42.587305332704105   4.469768596358979e-22 
  42.61066540821142   3.617970864742366e-22 
  42.63402548371874  2.9269143670287464e-22 
  42.65738555922605   2.366572846351467e-22 
  42.68074563473336  1.9124699993675594e-22 
  42.70410571024068   1.544664843729138e-22 
 42.727465785747995  1.2469204691478122e-22 
  42.75082586125531  1.0060234208631275e-22 
  42.77418593676262   8.112267408972414e-23 
  42.79754601226994   6.537944634439826e-23 
  42.82090608777725   5.266292987725388e-23 
 42.844266163284566   4.239684885618497e-23 
 42.867626238791885  3.4113549372235787e-23 
   42.8909863142992   2.743373823181512e-23 
  42.91434638980651  2.2049960211530813e-23 
  42.93770646531383   1.771313174507982e-23 
  42.96106654082114  1.4221571976939103e-23 
 42.984426616328456  1.1412073185537097e-23 
  43.00778669183577   9.152635598290196e-24 
  43.03114676734309   7.336559774074534e-24 
   43.0545068428504    5.87764564390436e-24 
 43.077866918357714   4.706293147548516e-24 
  43.10122699386503   3.766336972863356e-24 
 43.124587069372346  3.0124786717530053e-24 
  43.14794714487966  2.4082046082676985e-24 
  43.17130722038697  1.9240987919869492e-24 
  43.19466729589429  1.5364764878209152e-24 
 43.218027371401604  1.2262782496829209e-24 
  43.24138744690892   9.781752573676205e-25 
 43.264747522416236    7.79846001186084e-25 
  43.28810759792355    6.21391833220392e-25 
  43.31146767343086    4.94864995779703e-25 
  43.33482774893818   3.938876995354175e-25 
 43.358187824445494  3.1334486300822936e-25 
  43.38154789995281  2.4913641119109834e-25 
  43.40490797546012  1.9797770292504644e-25 
  43.42826805096744   1.572388277264437e-25 
  43.45162812647475  1.2481527589177639e-25 
 43.474988201982065   9.902391667722595e-26 
 43.498348277489384   7.851938004799127e-26 
   43.5217083529967   6.222687840042875e-26 
  43.54506842850401   4.928826694345169e-26 
  43.56842850401133  3.9018758626470713e-26 
  43.59178857951864   3.087220893357666e-26 
 43.615148655025955  2.4413289759134677e-26 
  43.63850873053327  1.9295198018725953e-26 
  43.66186880604059   1.524180832844791e-26 
   43.6852288815479  1.2033391944359272e-26 
  43.70858895705521   9.495195884673933e-27 
  43.73194903256253   7.488314624582533e-27 
 43.755309108069845   5.902398333805715e-27 
  43.77866918357716   4.649831487632628e-27 
  43.80202925908447   3.661088008085677e-27 
  43.82538933459179  2.8810272699669173e-27 
   43.8487494100991  2.2659420766493067e-27 
 43.872109485606416  1.7812072871813902e-27 
 43.895469561113735  1.3994079488214832e-27 
  43.91882963662105  1.0988500020420007e-27 
  43.94218971212836   8.623760439862076e-28 
  43.96554978763568   6.764242012616824e-28 
  43.98890986314299   5.302806313307004e-28 
 44.012269938650306   4.154861537355494e-28 
  44.03563001415762    3.25365499075753e-28 
  44.05899008966494   2.546540500929395e-28 
  44.08235016517225  1.9920205303437129e-28 
 44.105710240679564  1.5574035384004783e-28 
  44.12907031618688  1.2169496754389547e-28 
 44.152430391694196   9.504038503002734e-29 
  44.17579046720151   7.418359082098463e-29 
  44.19915054270882   5.787241459741531e-29 
  44.22251061821614    4.51231523272301e-29 
 44.245870693723454   3.516343800044385e-29 
  44.26923076923077   2.738717825196564e-29 
 44.292590844738086  2.1319022970068005e-29 
   44.3159509202454  1.6586369981330276e-29 
  44.33931099575271   1.289731874513459e-29 
  44.36267107126003  1.0023318766817073e-29 
 44.386031146767344   7.785520764217437e-30 
  44.40939122227466   6.044046540454363e-30 
  44.43275129778197   4.689558213745091e-30 
  44.45611137328929  3.6366378404865766e-30 
   44.4794714487966  2.8185916286336583e-30 
 44.502831524303915  2.1833745111791053e-30 
 44.526191599811234   1.690395314080935e-30 
  44.54955167531855  1.3080136674759549e-30 
  44.57291175082586  1.0115799980401973e-30 
  44.59627182633318   7.819016446822644e-31 
  44.61963190184049   6.040431360115302e-31 
 44.642991977347805   4.663883639736613e-31 
  44.66635205285512    3.59907898498115e-31 
  44.68971212836244  2.7758689523905395e-31 
  44.71307220386975  2.1397865037158756e-31 
  44.73643227937706  1.6485640455814129e-31 
  44.75979235488438  1.2694192842512837e-31 
 44.783152430391695   9.769407825862749e-32 
  44.80651250589901   7.514416463850388e-32 
  44.82987258140632   5.776784247966293e-32 
  44.85323265691364   4.438547717124304e-32 
  44.87659273242095   3.408470110335828e-32 
 44.899952807928265   2.616025246329599e-32 
 44.923312883435585  2.0067266072880935e-32 
   44.9466729589429  1.5385028935327112e-32 
  44.97003303445021  1.1788871910404523e-32 
  44.99339310995753   9.028383470919825e-33 
  45.01675318546484   6.910533149292823e-33 
 45.040113260972156   5.286605641067682e-33 
  45.06347333647947  4.0420908608341424e-33 
  45.08683341198679    3.08886564071969e-33 
   45.1101934874941  2.3591510415424585e-33 
  45.13355356300141  1.8008446602824532e-33 
  45.15691363850873  1.3739170973266635e-33 
 45.180273714016046   1.047631545660556e-33 
  45.20363378952336   7.983996971875588e-34 
  45.22699386503067   6.081292754321427e-34 
  45.25035394053799   4.629511881016607e-34 
 45.273714016045304  3.5223964407533944e-34 
 45.297074091552616  2.6785823120234747e-34 
 45.320434167059936  2.0358017625637398e-34 
  45.34379424256725  1.5464279686897874e-34 
  45.36715431807456  1.1740527761426387e-34 
  45.39051439358188   8.908595752610352e-35 
 45.413874469089194    6.75607694918394e-35 
  45.43723454459651    5.12086844800035e-35 
  45.46059462010382  3.8793265796125583e-35 
  45.48395469561114  2.9371947966968205e-35 
  45.50731477111845  2.2226589974489139e-35 
 45.530674846625764  1.6810343958068041e-35 
 45.554034922133084  1.2707029257386915e-35 
   45.5773949976404   9.600085987017942e-36 
  45.60075507314771   7.248862694460909e-36 
  45.62411514865503   5.470515793436647e-36 
  45.64747522416234   4.126200482027381e-36 
 45.670835299669655  3.1105416154131854e-36 
  45.69419537517697  2.3436100015780877e-36 
  45.71755545068429  1.7648113989058066e-36 
   45.7409155261916   1.328234887671938e-36 
  45.76427560169891   9.991140974761663e-37 
  45.78763567720623   7.511365686382956e-37 
 45.810995752713545   5.643991293736818e-37 
  45.83435582822086   4.238550576583417e-37 
  45.85771590372817  3.1813540548096924e-37 
  45.88107597923549  2.3865483374552505e-37 
   45.9044360547428  1.7893366438038554e-37 
 45.927796130250115  1.3408415595707863e-37 
 45.951156205757435  1.0042144122639069e-37 
  45.97451628126475   7.516904169116806e-38 
  45.99787635677206   5.623609405303512e-38 
  46.02123643227938    4.20489204516626e-38 
  46.04459650778669   3.142375747083823e-38 
 46.067956583294006  2.3470640186504354e-38 
  46.09131665880132  1.7520855582903498e-38 
  46.11467673430864  1.3072216521972253e-38 
  46.13803680981595   9.747802007323275e-39 
  46.16139688532326    7.26486763090393e-39 
  46.18475696083058   5.411432517858615e-39 
 46.208117036337896  4.0286572416556466e-39 
  46.23147711184521   2.997587835822582e-39 
  46.25483718735252  2.2291897549730213e-39 
  46.27819726285984  1.6568594801200298e-39 
 46.301557338367154  1.2308009685284258e-39 
 46.324917413874466   9.138049181352319e-40 
 46.348277489381786   6.780826905626605e-40 
   46.3716375648891  5.0289269448929135e-40 
  46.39499764039641   3.727618790344173e-40 
  46.41835771590373  2.7615388097008907e-40 
 46.441717791411044   2.044722137281317e-40 
  46.46507786691836  1.5131463410186654e-40 
  46.48843794242567   1.119157079622541e-40 
  46.51179801793299   8.273030739786041e-41 
   46.5351580934403   6.112258359690337e-41 
 46.558518168947614  4.5133835118936503e-41 
 46.581878244454934  3.3309356195244536e-41 
  46.60523831996225  2.4569351947738677e-41 
  46.62859839546956  1.8112759583112412e-41 
  46.65195847097687  1.3345627489119442e-41 
  46.67531854648419   9.827811662269241e-42 
 46.698678621991505   7.233327007050899e-42 
  46.72203869749882  5.3208720683352355e-42 
  46.74539877300614    3.91192910139772e-42 
  46.76875884851345  2.8745016998204796e-42 
  46.79211892402076  2.1110455177119842e-42 
  46.81547899952808    1.54951596375174e-42 
 46.838839075035395  1.1367316137945728e-42 
  46.86219915054271   8.334570885674217e-43 
  46.88555922605002    6.10761946035183e-43 
  46.90891930155734   4.473259693708597e-43 
  46.93227937706465   3.274459821637742e-43 
 46.955639452571965   2.395623857032121e-43 
 46.978999528079285  1.7517051182237947e-43 
   47.0023596035866  1.2801674227351459e-43 
  47.02571967909391   9.350523866972391e-44 
  47.04907975460123   6.826035008436115e-44 
  47.07243983010854   4.980402846874505e-44 
 47.095799905615856   3.631815887530134e-44 
  47.11915998112317   2.646955027023058e-44 
  47.14252005663049  1.9281138963315977e-44 
   47.1658801321378   1.403725494507622e-44 
  47.18924020764511  1.0213981533675643e-44 
  47.21260028315243   7.427990228221083e-45 
 47.235960358659746   5.398970454919863e-45 
  47.25932043416706   3.922057412644388e-45 
  47.28268050967437  2.8476086826305956e-45 
  47.30604058518169  2.0663792546715167e-45 
 47.329400660689004  1.4986600063696206e-45 
 47.352760736196316   1.086324463120362e-45 
 47.376120811703636   7.870083782542213e-46 
  47.39948088721095   5.698525597196411e-46 
  47.42284096271826   4.123908301412552e-46 
  47.44620103822558  2.9827636522104322e-46 
 47.469561113732894  2.1562148251498095e-46 
  47.49292118924021   1.557860456908827e-46 
  47.51628126474752  1.1249375604203667e-46 
  47.53964134025484    8.11879576683816e-47 
  47.56300141576215   5.856230310186106e-47 
 47.586361491269464  4.2219006508291937e-47 
 47.609721566776784  3.0420139258775483e-47 
   47.6330816422841  2.1906737839512547e-47 
  47.65644171779141  1.5767307819575377e-47 
  47.67980179329872  1.1342288797064846e-47 
  47.70316186880604    8.15468468426812e-48 
 47.726521944313355   5.859721282050069e-48 
  47.74988201982067   4.208332612430099e-48 
  47.77324209532799    3.02069214105817e-48 
   47.7966021708353  2.1670362729840014e-48 
  47.81996224634261  1.5537788327523336e-48 
  47.84332232184993  1.1134623149894705e-48 
 47.866682397357245   7.974898148821457e-49 
  47.89004247286456   5.708711096581394e-49 
  47.91340254837187    4.08426845524233e-49 
  47.93676262387919  2.9204769857435623e-49 
   47.9601226993865  2.0871640559694704e-49 
 47.983482774893815  1.4908112937174712e-49 
 48.006842850401135  1.0642705565563869e-49 
  48.03020292590845   7.593547336367335e-50 
  48.05356300141576   5.415027212289171e-50 
  48.07692307692308  3.8594006155396195e-50 
  48.10028315243039   2.749174819397364e-50 
 48.123643227937706  1.9572582312696838e-50 
  48.14700330344502  1.3926987054851052e-50 
  48.17036337895234   9.904429990316866e-51 
  48.19372345445965   7.039876977421019e-51 
  48.21708352996696   5.001081359440641e-51 
  48.24044360547428  3.5507985547967466e-51 
 48.263803680981596  2.5197149430229976e-51 
  48.28716375648891  1.7870637653742912e-51 
  48.31052383199622  1.2667530107081146e-51 
  48.33388390750354   8.974434612275924e-52 
 48.357243983010854   6.354560291212028e-52 
 48.380604058518166  4.4970442816021935e-52 
 48.403964134025486  3.1807685890835423e-52 
   48.4273242095328  2.2485380053193527e-52 
  48.45068428504011  1.5886624761443926e-52 
  48.47404436054743  1.1218280315460408e-52 
 48.497404436054744   7.917429055088624e-53 
  48.52076451156206   5.584770286233177e-53 
  48.54412458706937   3.937220043059352e-53 
  48.56748466257669   2.774196998467556e-53 
    48.590844738084  1.9536562145914037e-53 
 48.614204813591314  1.3750618165035885e-53 
 48.637564889098634   9.672963158001867e-54 
  48.66092496460595   6.800801122548127e-54 
  48.68428504011326   4.778854900733153e-54 
  48.70764511562057   3.356223240216671e-54 
  48.73100519112789   2.355814340593435e-54 
 48.754365266635205   1.652701818663144e-54 
  48.77772534214252  1.1588071606858823e-54 
  48.80108541764984   8.120654903723334e-55 
  48.82444549315715   5.687666952385426e-55 
  48.84780556866446   3.981442765526208e-55 
  48.87116564417178  2.7855439220778174e-55 
 48.894525719679095  1.9477928061274404e-55 
  48.91788579518641  1.3612525791765775e-55 
  48.94124587069372   9.508190699610071e-56 
  48.96460594620104   6.637740342825294e-56 
  48.98796602170835   4.631331225253121e-56 
 49.011326097215665  3.2296438255716103e-56 
 49.034686172722985  2.2509540041181968e-56 
   49.0580462482303   1.567984674722522e-56 
  49.08140632373761  1.0916419256821437e-56 
  49.10476639924493   7.595944780268947e-57 
  49.12812647475224   5.282586148588675e-57 
 49.151486550259555  3.6717624272319807e-57 
  49.17484662576687   2.550737416983082e-57 
  49.19820670127419  1.7710063780346058e-57 
   49.2215667767815  1.2289598335792617e-57 
  49.24492685228881   8.523509363852686e-58 
  49.26828692779613   5.908297902134093e-58 
 49.291647003303446  4.0932617196678096e-58 
  49.31500707881076   2.834260921500785e-58 
  49.33836715431807   1.961432323208155e-58 
  49.36172722982539  1.3566568434741014e-58 
   49.3850873053327   9.378424215786658e-59 
 49.408447380840016  6.4796704247179855e-59 
 49.431807456347336   4.474444640975711e-59 
  49.45516753185465  3.0880799736827616e-59 
  49.47852760736196  2.1301055050539366e-59 
  49.50188768286928   1.468509854804577e-59 
 49.525247758376594  1.0118491921602753e-59 
 49.548607833883906   6.968156328870226e-60 
  49.57196790939122   4.796043929160564e-60 
  49.59532798489854  3.2992223742167346e-60 
  49.61868806040585  2.2683141065251973e-60 
 49.642048135913164  1.5586835983802543e-60 
 49.665408211420484  1.0704734566825689e-60 
   49.6887682869278   7.347794559971373e-61 
  49.71212836243511   5.040820938969985e-61 
  49.73548843794242   3.456278248048377e-61 
  49.75884851344974   2.368532163082596e-61 
 49.782208588957054  1.6222322637151055e-61 
  49.80556866446437  1.1104779542856833e-61 
  49.82892873997169   7.597487688962345e-62 
    49.852288815479   5.195091786107182e-62 
  49.87564889098631   3.550418926126512e-62 
  49.89900896649363   2.425097080363401e-62 
 49.922369042000945   1.655548126832332e-62 
  49.94572911750826   1.129581687870321e-62 
  49.96908919301557   7.702941979524045e-63 
  49.99244926852289   5.249993423651898e-63 
   50.0158093440302   3.576218457515166e-63 
 50.039169419537515    2.43473931374468e-63 
 50.062529495044835     1.6567006491167e-63 
  50.08588957055215  1.1266752687884759e-63 
  50.10924964605946    7.65802225718338e-64 
  50.13260972156678   5.202326795778671e-64 
  50.15596979707409   3.532171461580752e-64 
 50.179329872581405  2.3968953088150507e-64 
  50.20268994808872  1.6256217196902626e-64 
  50.22605002359604  1.1019275965115295e-64 
  50.24941009910335   7.465342951737231e-65 
  50.27277017461066   5.054865499377465e-65 
  50.29613025011798   3.420838572679227e-65 
 50.319490325625296  2.3137620387715996e-65 
  50.34285040113261   1.564112316842302e-65 
  50.36621047663992  1.0567696039860162e-65 
  50.38957055214724   7.136016112119414e-66 
  50.41293062765455   4.816088528985827e-66 
 50.436290703161866   3.248599931380135e-66 
 50.459650778669186  2.1900857979173707e-66 
   50.4830108541765  1.4756696827731677e-66 
  50.50637092968381   9.937572448540154e-67 
  50.52973100519113     6.6885901784309e-67 
 50.553091080698444   4.499372927187399e-67 
 50.576451156205756   3.025049733335126e-67 
  50.59981123171307  2.0327134957753028e-67 
  50.62317130722039  1.3651580818599781e-67 
   50.6465313827277   9.163319719631393e-68 
 50.669891458235014   6.147320494555951e-68 
 50.693251533742334   4.121753275291259e-68 
  50.71661160924965   2.762111756464009e-68 
  50.73997168475696  1.8499654562750648e-68 
  50.76333176026427  1.2383662543226208e-68 
  50.78669183577159    8.28509924485401e-69 
 50.810051911278904   5.539995815949111e-69 
  50.83341198678622   3.702407977460475e-69 
  50.85677206229354   2.472989219582162e-69 
  50.88013213780085  1.6509095746907882e-69 
  50.90349221330816  1.1015075077951854e-69 
  50.92685228881548   7.345388121408705e-70 
 50.950212364322795   4.895591201915687e-70 
  50.97357243983011   3.261058973402959e-70 
  50.99693251533742  2.1710772113468432e-70 
  51.02029259084474  1.4446245570798005e-70 
  51.04365266635205   9.607221968497749e-71 
 51.067012741859365   6.385630184946455e-71 
 51.090372817366685   4.242020937377435e-71 
    51.113732892874   2.816468882136212e-71 
  51.13709296838131  1.8689608806932447e-71 
  51.16045304388863  1.2395343568982877e-71 
  51.18381311939594   8.216370779940639e-72 
 51.207173194903255   5.443329099101037e-72 
  51.23053327041057   3.604228001668223e-72 
  51.25389334591789  2.3851902281446807e-72 
   51.2772534214252    1.57759995952598e-72 
  51.30061349693251  1.0428788282392968e-72 
  51.32397357243983   6.890233088227215e-73 
 51.347333647947146  4.5498499550904255e-73 
  51.37069372345446  3.0027787437403773e-73 
  51.39405379896177    1.98067257207212e-73 
  51.41741387446909  1.3057653448110117e-73 
   51.4407739499764   8.603609371757677e-74 
 51.464134025483716   5.665775006466359e-74 
 51.487494100991036    3.72907448776327e-74 
  51.51085417649835   2.453047093080903e-74 
  51.53421425200566  1.6127750852832194e-74 
  51.55757432751298  1.0597533973038509e-74 
 51.580934403020294   6.959834628484989e-75 
 51.604294478527606   4.568315756556165e-75 
  51.62765455403492   2.996928610813493e-75 
  51.65101462954224  1.9649874041199374e-75 
  51.67437470504955  1.2876749066616711e-75 
 51.697734780556864   8.433654053005294e-76 
 51.721094856064184   5.520627185079329e-76 
   51.7444549315715   3.611803744175993e-76 
  51.76781500707881  2.3616903462156324e-76 
  51.79117508258612  1.5434225831785953e-76 
  51.81453515809344  1.0081144312379513e-76 
 51.837895233600754   6.581091021756987e-77 
  51.86125530910807   4.293871536479979e-77 
  51.88461538461539   2.800033840181355e-77 
   51.9079754601227  1.8249064065250517e-77 
  51.93133553563001   1.188723897764409e-77 
  51.95469561113733    7.73899334582301e-78 
 51.978055686644645   5.035597784653074e-78 
  52.00141576215196   3.274769032440755e-78 
  52.02477583765927   2.128498732368775e-78 
  52.04813591316659  1.3827039269211164e-78 
   52.0714959886739   8.977348307682707e-79 
 52.094856064181215    5.82545743075575e-79 
 52.118216139688535   3.778114088987735e-79 
  52.14157621519585  2.4489683975586087e-79 
  52.16493629070316  1.5865522163331293e-79 
  52.18829636621048  1.0272795329622023e-79 
  52.21165644171779  6.6479229394469705e-80 
 52.235016517225105  4.2997815597820685e-80 
  52.25837659273242  2.7795205143011746e-80 
  52.28173666823974  1.7957937209381338e-80 
  52.30509674374705  1.1595943411431066e-80 
  52.32845681925436   7.483741864894012e-81 
  52.35181689476168   4.827192114991691e-81 
 52.375176970268996  3.1119559432038193e-81 
  52.39853704577631  2.0050969117699345e-81 
  52.42189712128362     1.2912203659861e-81 
  52.44525719679094    8.31052456223196e-82 
  52.46861727229825   5.345884576507274e-82 
 52.491977347805566  3.4369545379245655e-82 
 52.515337423312886  2.2084677759279194e-82 
   52.5386974988202  1.4183108159130772e-82 
  52.56205757432751   9.103634880475507e-83 
  52.58541764983483   5.840113874726654e-83 
 52.608777725342144   3.744474410884061e-83 
 52.632137800849456  2.3995150911703812e-83 
  52.65549787635677  1.5368064366500093e-83 
  52.67885795186409   9.837345441989107e-84 
   52.7022180273714   6.293608720870875e-84 
 52.725578102878714  4.0242469265470714e-84 
 52.748938178386034  2.5717726173136315e-84 
  52.77229825389335  1.6426444819097823e-84 
  52.79565832940066  1.0486188352435676e-84 
  52.81901840490797   6.690441733769905e-85 
  52.84237848041529   4.266335397972107e-85 
 52.865738555922604  2.7190566681164475e-85 
  52.88909863142992  1.7319868304210708e-85 
  52.91245870693724   1.102640585715202e-85 
  52.93581878244455    7.01594900407924e-86 
  52.95917885795186   4.461716120011309e-86 
  52.98253893345918  2.8358320465749033e-86 
 53.005899008966495  1.8014496892128017e-86 
  53.02925908447381  1.1437387338974756e-86 
  53.05261915998112  7.2576259291756255e-87 
  53.07597923548844   4.602834823214013e-87 
  53.09933931099575  2.9175563901649785e-87 
 53.122699386503065  1.8483158412914197e-87 
 53.146059462010385  1.1702972123737303e-87 
   53.1694195375177   7.405923350655748e-88 
  53.19277961302501  4.6840908779380824e-88 
  53.21613968853233   2.960973146199973e-88 
  53.23949976403964  1.8707109199551342e-88 
 53.262859839546955  1.1812503497443447e-88 
  53.28621991505427   7.454873433190365e-89 
  53.30957999056159   4.702206031899792e-89 
   53.3329400660689  2.9643268583140412e-89 
  53.35630014157621   1.867727779511394e-89 
  53.37966021708353  1.1761538156993622e-89 
 53.403020292590845   7.402488124717217e-90 
  53.42638036809816   4.656443850638163e-90 
  53.44974044360547  2.9274809300191444e-90 
  53.47310051911279   1.839487461423931e-90 
   53.4964605946201  1.1552145270489817e-90 
 53.519820670127416   7.250893119459166e-91 
 53.543180745634736  4.5486593887239597e-91 
  53.56654082114205   2.851926854908574e-91 
  53.58990089664936   1.787131045422092e-91 
  53.61326097215668  1.1192767093920845e-91 
  53.63662104766399   7.006184742913987e-92 
 53.659981123171306   4.383174422579408e-92 
  53.68334119867862   2.740684044288294e-92 
  53.70670127418594   1.712743150192397e-92 
  53.73006134969325   1.069765423018887e-92 
 53.753421425200564   6.678023187935075e-93 
 53.776781500707884   4.166489940472835e-93 
 53.800141576215196   2.598099629009165e-93 
  53.82350165172251  1.6192142315624675e-93 
  53.84686172722982  1.0085928182902037e-93 
  53.87022180273714   6.278999928029405e-94 
 53.893581878244454  3.9068625467793684e-94 
  53.91694195375177   2.429566734809487e-94 
  53.94030202925909  1.5100543544681024e-94 
   53.9636621047664   9.380357140658284e-95 
  53.98702218027371  5.8238370287352924e-95 
  54.01038225578103   3.613783235570028e-95 
 54.033742331288344  2.2411866650743186e-95 
  54.05710240679566  1.3891751499106531e-95 
  54.08046248230297   8.605954129019378e-96 
  54.10382255781029   5.328489232878408e-96 
   54.1271826333176  3.2974043198034657e-96 
 54.150542708824915   2.039404422044738e-96 
 54.173902784332235    1.26065878494755e-96 
  54.19726285983955   7.788517427695135e-97 
  54.22062293534686   4.809224830759987e-97 
  54.24398301085418   2.967962494381065e-97 
  54.26734308636149  1.8306477200845775e-97 
 54.290703161868805  1.1285328157002111e-97 
  54.31406323737612   6.953230833983118e-98 
  54.33742331288344  4.2817582642601004e-98 
  54.36078338839075  2.6352430925006524e-98 
  54.38414346389806  1.6209971978956127e-98 
  54.40750353940538   9.965678808042893e-99 
 54.430863614912695    6.12342705266965e-99 
  54.45422369042001   3.760497047023471e-99 
  54.47758376592732   2.308123251087261e-99 
  54.50094384143464  1.4159104274377616e-99 
  54.52430391694195  8.681116897187785e-100 
 54.547663992449266  5.319593765077339e-100 
 54.571024067956586  3.257949677304019e-100 
   54.5943841434639 1.9942211352166935e-100 
  54.61774421897121 1.2200153547537179e-100 
  54.64110429447853  7.459682053447508e-101 
  54.66446436998584  4.558672327918715e-101 
 54.687824445493156  2.784322099790023e-101 
  54.71118452100047 1.6996660920269713e-101 
  54.73454459650779  1.036980964511178e-101 
   54.7579046720151  6.323259364184156e-102 
 54.781264747522414  3.853667540202312e-102 
 54.804624823029734 2.3473104448345663e-102 
 54.827984898537046 1.4289921881727682e-102 
  54.85134497404436  8.694652213712076e-103 
  54.87470504955167  5.287344545459025e-103 
  54.89806512505899  3.213557277556853e-103 
 54.921425200566304  1.952079562370518e-103 
  54.94478527607362 1.1851464502408698e-103 
  54.96814535158094  7.191335679039361e-104 
  54.99150542708825  4.361241521936897e-104 
  55.01486550259556 2.6434661310738016e-104 
  55.03822557810288 1.6014021154973568e-104 
 55.061585653610194  9.695943593201718e-105 
  55.08494572911751  5.867360833603192e-105 
  55.10830580462482  3.548612264843133e-105 
  55.13166588013214 2.1450495829693046e-105 
  55.15502595563945 1.2959228744923539e-105 
 55.178386031146765    7.8249939429307e-106 
 55.201746106654085  4.722281781910864e-106 
   55.2251061821614 2.8482809153043704e-106 
  55.24846625766871 1.7170256188215035e-106 
  55.27182633317603 1.0345077856387073e-106 
  55.29518640868334  6.229508531374384e-107 
 55.318546484190655  3.749184727628018e-107 
  55.34190655969797 2.2551889050275285e-107 
  55.36526663520529 1.3557888118804559e-107 
   55.3886267107126  8.146371240545889e-108 
  55.41198678621991 4.8921456842861076e-108 
  55.43534686172723 2.9362808817950243e-108 
 55.458706937234545 1.7614034600409063e-108 
  55.48206701274186 1.0560467015606033e-108 
  55.50542708824917  6.328057768744117e-109 
  55.52878716375649 3.7898391442414718e-109 
   55.5521472392638 2.2684757983970634e-109 
 55.575507314771116 1.3570959496341855e-109 
 55.598867390278436  8.114279985646671e-110 
  55.62222746578575 4.8490030183717307e-110 
  55.64558754129306  2.896129319049218e-110 
  55.66894761680038 1.7288068564034323e-110 
  55.69230769230769 1.0314258992744379e-110 
 55.715667767815006  6.150247858992021e-111 
  55.73902784332232 3.6653059706175295e-111 
  55.76238791882964 2.1831867141441883e-111 
  55.78574799433695 1.2996743701712652e-111 
 55.809108069844264  7.732879787343789e-112 
 55.832468145351584  4.598444954695862e-112 
 55.855828220858896 2.7330259446463114e-112 
  55.87918829636621  1.623452347958997e-112 
  55.90254837187352   9.63825396024013e-113 
  55.92590844738084   5.71900154358583e-113 
 55.949268522888154  3.391603622688909e-113 
  55.97262859839547 2.0102635374823866e-113 
  55.99598867390279  1.190868830877382e-113 
   56.0193487494101  7.050791777583858e-114 
  56.04270882491741   4.17229375778811e-114 
  56.06606890042473 2.4676007551627457e-114 
 56.089428975932044 1.4586058073474435e-114 
  56.11278905143936  8.617157078102172e-115 
  56.13614912694667  5.088070356605121e-115 
  56.15950920245399 3.0026536044009295e-115 
   56.1828692779613 1.7710074411418625e-115 
 56.206229353468615 1.0439953520988366e-115 
 56.229589428975935  6.150915645176546e-116 
  56.25294950448325  3.621962949914631e-116 
  56.27630957999056  2.131627244108532e-116 
  56.29966965549788 1.2538383449641676e-116 
  56.32302973100519  7.371143371917833e-117 
 56.346389806512505  4.331030036498972e-117 
  56.36974988201982 2.5433759403679135e-117 
  56.39310995752714 1.4927701679858443e-117 
  56.41647003303445  8.756657465768299e-118 
  56.43983010854176 5.1338928655834265e-118 
  56.46319018404908 3.0082800713719606e-118 
 56.486550259556395 1.7617843874809405e-118 
  56.50991033506371 1.0312174952933444e-118 
  56.53327041057102  6.032687277271078e-119 
  56.55663048607834  3.527234861377408e-119 
  56.57999056158565 2.0612039600240792e-119 
 56.603350637092966 1.2038450261298285e-119 
 56.626710712600286  7.027214687363041e-120 
   56.6500707881076  4.099764260887257e-120 
  56.67343086361491  2.390548575370343e-120 
  56.69679093912223 1.3931545082386766e-120 
  56.72015101462954   8.11454214928645e-121 
 56.743511090136856 4.7238030270239074e-121 
  56.76687116564417 2.7484166039607425e-121 
  56.79023124115149  1.598219299285346e-121 
   56.8135913166588  9.288662887052781e-122 
 56.836951392166114  5.395516878158596e-122 
 56.860311467673434  3.132390750159337e-122 
 56.883671543180746 1.8175310271946094e-122 
  56.90703161868806 1.0540246246262009e-122 
  56.93039169419537  6.109176941809528e-123 
  56.95375176970269  3.538976457002383e-123 
 56.977111845210004  2.048970312147004e-123 
  57.00047192071732  1.185650478567184e-123 
  57.02383199622464  6.857103718805577e-124 
  57.04719207173195  3.963581371640302e-124 
  57.07055214723926  2.289801634462464e-124 
  57.09391222274658 1.3221202763002972e-124 
 57.117272298253894  7.629693512268011e-125 
  57.14063237376121 4.4005427196140804e-125 
  57.16399244926852  2.536695930604805e-125 
  57.18735252477584 1.4614824510044699e-125 
  57.21071260028315  8.415536718963834e-126 
 57.234072675790465 4.8432072676010505e-126 
 57.257432751297785  2.785783186554212e-126 
   57.2807928268051   1.60149133027087e-126 
  57.30415290231241   9.20163267279468e-127 
  57.32751297781973  5.284065762780343e-127 
  57.35087305332704 3.0327356523927218e-127 
 57.374233128834355 1.7396581686892885e-127 
  57.39759320434167  9.973700106564511e-128 
  57.42095327984899  5.714940474728698e-128 
   57.4443133553563  3.272880418777515e-128 
  57.46767343086361 1.8733183402754215e-128 
  57.49103350637093 1.0716576112861131e-128 
 57.514393581878245  6.127220945908366e-129 
  57.53775365738556  3.501338102503773e-129 
  57.56111373289287 1.9997125813413615e-129 
  57.58447380840019 1.1414690182160905e-129 
   57.6078338839075   6.51213953932242e-130 
 57.631193959414816  3.713182435434702e-130 
 57.654554034922135 2.1160790961070024e-130 
  57.67791411042945  1.205259397665269e-130 
  57.70127418593676  6.861075142292707e-131 
  57.72463426144408  3.903613800877221e-131 
  57.74799433695139 2.2197523957922823e-131 
 57.771354412458706 1.2615522474341818e-131 
  57.79471448796602   7.16587072918602e-132 
  57.81807456347334 4.0681383720235484e-132 
  57.84143463898065 2.3082640240839407e-132 
 57.864794714487964 1.3089958464349361e-132 
  57.88815478999528  7.419148660625852e-133 
 57.911514865502596  4.202743616702941e-133 
  57.93487494100991 2.3794399013766335e-133 
  57.95823501651722 1.3464170479241642e-133 
  57.98159509202454   7.61460680413225e-134 
 58.004955167531854   4.30406064494934e-134 
  58.02831524303917 2.4314889491948227e-134 
 58.051675318546486 1.3728694370351777e-134 
   58.0750353940538   7.74727892405047e-135 
  58.09839546956111  4.369504247073454e-135 
  58.12175554506843  2.463077958954486e-135 
 58.145115620575744 1.3876730960645358e-135 
  58.16847569608306  7.813744334668142e-136 
  58.19183577159037  4.397382501261166e-136 
  58.21519584709769 2.4733883382566523e-136 
    58.238555922605 1.3904436458701141e-136 
 58.261915998112315  7.812274463998155e-137 
 58.285276073619634  4.386969464396127e-137 
  58.30863614912695  2.462151363297792e-137 
  58.33199622463426 1.3811088318529248e-137 
  58.35535630014157  7.742907562245238e-138 
  58.37871637564889 4.3385365865077064e-138 
 58.402076451156205 2.4296598181583186e-138 
  58.42543652666352  1.359911655455752e-138 
  58.44879660217084  7.607447047570055e-139 
  58.47215667767815  4.253340951143027e-139 
  58.49551675318546  2.376755317217219e-139 
  58.51887682869278 1.3273998617214866e-139 
 58.542236904200095  7.409383589026239e-140 
  58.56559697970741 4.1335710528318254e-140 
  58.58895705521472  2.304792076996612e-140 
  58.61231713072204 1.2844024177649136e-140 
  58.63567720622935  7.153745626059808e-141 
 58.659037281736666 3.9822533765304254e-141 
 58.682397357243985  2.215579314391907e-141 
   58.7057574327513 1.2319943921566343e-141 
  58.72911750825861  6.846887260144843e-142 
  58.75247758376593 3.8031253456384926e-142 
  58.77583765927324  2.111305691220085e-142 
 58.799197734780556 1.1714523120298358e-142 
  58.82255781028787  6.496226005484418e-143 
  58.84591788579519 3.6004820816703005e-143 
   58.8692779613025 1.9944502076734406e-143 
 58.892638036809814  1.104202584082263e-143 
  58.91599811231713  6.109945494951758e-144 
 58.939358187824446  3.379005736328544e-144 
  58.96271826333176 1.8676846012401612e-144 
  58.98607833883907 1.0317658831033222e-144 
  59.00943841434639  5.696679733569395e-145 
 59.032798489853704 3.1435868331295623e-145 
  59.05615856536102  1.733772594327074e-145 
 59.079518640868336  9.557005199757203e-146 
  59.10287871637565  5.265195804078785e-146 
  59.12623879188296 2.8991470654210957e-146 
  59.14959886739028 1.5954712471541073e-146 
 59.172958942897594   8.77547701472369e-147 
  59.19631901840491  4.824091089194733e-147 
  59.21967909391222  2.650472372544433e-147 
  59.24303916941954  1.455439238021051e-147 
  59.26639924492685  7.987813050764423e-148 
 59.289759320434165  4.381519209586096e-148 
 59.313119395941484 2.4020639391783723e-148 
   59.3364794714488 1.3161561639533916e-148 
  59.35983954695611  7.207643468221288e-149 
  59.38319962246342  3.944956190309707e-149 
  59.40655969797074 2.1580131587957675e-149 
 59.429919773478055 1.1798560054690296e-149 
  59.45327984898537  6.447137628677661e-150 
  59.47663992449269 3.5210151204410675e-150 
               59.5 1.9219047216090666e-150 
