|bandpass_frequency|       bandpass_weights|
|            double|                 double|
|               GHz|                       |
|              null|                   null|
               10.0   2.804262278313101e-18 
 10.023360075507314  3.3800001967830404e-18 
 10.046720151014629  4.0717404184161176e-18 
 10.070080226521945   4.902399810195736e-18 
  10.09344030202926   5.899329871552148e-18 
 10.116800377536574   7.095156364280054e-18 
 10.140160453043888   8.528774287262105e-18 
 10.163520528551203  1.0246526241137522e-17 
 10.186880604058517  1.2303597160333891e-17 
 10.210240679565834  1.4765664165554405e-17 
 10.233600755073148  1.7710847048760445e-17 
 10.256960830580462  2.1232012807263803e-17 
 10.280320906087777  2.5439496881984003e-17 
 10.303680981595091  3.0464314545431716e-17 
 10.327041057102408  3.6461948480160654e-17 
 10.350401132609722  4.3616813280725205e-17 
 10.373761208117037  5.2147514739674525e-17 
 10.397121283624351   6.231304173160235e-17 
 10.420481359131665   7.442005174004451e-17 
  10.44384143463898   8.883143810087557e-17 
 10.467201510146296  1.0597639846338579e-16 
  10.49056158565361   1.263622604886905e-16 
 10.513921661160925  1.5058836321161069e-16 
  10.53728173666824   1.793623417040021e-16 
 10.560641812175554   2.135192197498303e-16 
  10.58400188768287  2.5404378138732455e-16 
 10.607361963190185  3.0209676878373417e-16 
 10.630722038697499   3.590455425812369e-16 
 10.654082114204813  4.2649994342062374e-16 
 10.677442189712128   5.063542119123953e-16 
 10.700802265219442   6.008359612869839e-16 
 10.724162340726759   7.125633550678839e-16 
 10.747522416234073   8.446118245206785e-16 
 10.770882491741387  1.0005918709308604e-15 
 10.794242567248702  1.1847397400587483e-15 
 10.817602642756016  1.4020230350952495e-15 
 10.840962718263333  1.6582636554355291e-15 
 10.864322793770647    1.96028081768408e-15 
 10.887682869277961   2.316057339429686e-15 
 10.911042944785276   2.734932853363113e-15 
  10.93440302029259   3.227828178209469e-15 
 10.957763095799905  3.8075057138909675e-15 
 10.981123171307221   4.488871462870874e-15 
 11.004483246814535  5.2893251208634276e-15 
  11.02784332232185   6.229165642870261e-15 
 11.051203397829164   7.332060791651414e-15 
 11.074563473336479    8.62559043428705e-15 
 11.097923548843795  1.0141874789958578e-14 
  11.12128362435111  1.1918300472823115e-14 
 11.144643699858424  1.3998359045300381e-14 
 11.168003775365738  1.6432614930279383e-14 
 11.191363850873053  1.9279821960593405e-14 
 11.214723926380369  2.2608210609988804e-14 
 11.238084001887684   2.649697109600369e-14 
 11.261444077394998  3.1037961121621665e-14 
 11.284804152902312  3.6337671085170847e-14 
 11.308164228409627  4.2519484199688365e-14 
 11.331524303916941   4.972627419455268e-14 
 11.354884379424256   5.812338920253718e-14 
 11.378244454931572   6.790207715366385e-14 
 11.401604530438886   7.928341560207414e-14 
 11.424964605946201   9.252281751544555e-14 
 11.448324681453515  1.0791519428156993e-13 
  11.47168475696083  1.2580086817304682e-13 
 11.495044832468146  1.4657233891277656e-13 
  11.51840490797546  1.7068202297306976e-13 
 11.541764983482775  1.9865110001150878e-13 
  11.56512505899009  2.3107961861172643e-13 
 11.588485134497404   2.686580334943293e-13 
  11.61184521000472  3.1218036885753696e-13 
 11.635205285512034  3.6255922779167033e-13 
 11.658565361019349  4.2084289611278503e-13 
 11.681925436526663   4.882348208393767e-13 
 11.705285512033978   5.661157792919894e-13 
 11.728645587541294   6.560690948720623e-13 
 11.752005663048608   7.599093004615077e-13 
 11.775365738555923   8.797147006206014e-13 
 11.798725814063237  1.0178643399432483e-12 
 11.822085889570552  1.1770799477153775e-12 
 11.845445965077866  1.3604734991377217e-12 
  11.86880604058518  1.5716011116151956e-12 
 11.892166116092497  1.8145240818625377e-12 
 11.915526191599811  2.0938779667864927e-12 
 11.938886267107126  2.4149507193463206e-12 
  11.96224634261444  2.7837710110135017e-12 
 11.985606418121755   3.207208006335654e-12 
 12.008966493629071   3.693084003832922e-12 
 12.032326569136385   4.250301522547977e-12 
   12.0556866446437  4.8889865967004244e-12 
 12.079046720151014   5.620650243853343e-12 
 12.102406795658329   6.458370296793713e-12 
 12.125766871165645   7.416996038082389e-12 
  12.14912694667296   8.513378351303388e-12 
 12.172487022180274   9.766628406976665e-12 
 12.195847097687588  1.1198408236661759e-11 
 12.219207173194903  1.2833256918964809e-11 
 12.242567248702219  1.4698956509228147e-11 
 12.265927324209532    1.68269422941099e-11 
 12.289287399716848   1.925276244693777e-11 
 12.312647475224162   2.201659270364345e-11 
 12.336007550731477   2.516381227672656e-11 
 12.359367626238791  2.8745647880910894e-11 
 12.382727701746106   3.281989346390796e-11 
 12.406087777253422  3.7451714024640636e-11 
 12.429447852760736  4.2714542765348434e-11 
  12.45280792826805  4.8691081769365385e-11 
 12.476168003775365  5.5474417430100896e-11 
  12.49952807928268   6.316926298588904e-11 
 12.522888154789996   7.189334174789625e-11 
  12.54624823029731   8.177892595216382e-11 
 12.569608305804625   9.297454763146195e-11 
  12.59296838131194  1.0564689949672364e-10 
 12.616328456819254  1.1998294555181353e-10 
  12.63968853232657    1.36192263049695e-10 
 12.663048607833884  1.5450963944400196e-10 
 12.686408683341199  1.7519795020914103e-10 
 12.709768758848513  1.9855134580729136e-10 
 12.733128834355828  2.2489877868482115e-10 
 12.756488909863144   2.546079039977986e-10 
 12.779848985370457  2.8808939081086655e-10 
 12.803209060877773  3.2580168380117816e-10 
 12.826569136385087  3.6825625904487116e-10 
 12.849929211892402   4.160234212853798e-10 
 12.873289287399716   4.697386941964004e-10 
  12.89664936290703   5.301098595775138e-10 
 12.920009438414347   5.979247061748339e-10 
 12.943369513921661   6.740595539212541e-10 
 12.966729589428976   7.594886248637244e-10 
  12.99008966493629   8.552943379052612e-10 
 13.013449740443605   9.626786107608923e-10 
 13.036809815950921  1.0829752592302304e-09 
 13.060169891458235   1.217663591046158e-09 
  13.08352996696555   1.368383299192994e-09 
 13.106890042472864  1.5369507677183917e-09 
 13.130250117980179  1.7253769117174838e-09 
 13.153610193487495  1.9358866823651353e-09 
  13.17697026899481  2.1709403776357424e-09 
 13.200330344502124  2.4332569097046506e-09 
 13.223690420009438   2.725839190988673e-09 
 13.247050495516753  3.0520018123829793e-09 
 13.270410571024069  3.4154011995005947e-09 
 13.293770646531382   3.820068445647573e-09 
 13.317130722038698   4.270445033885174e-09 
 13.340490797546012     4.7714216748539e-09 
 13.363850873053327   5.328380502091854e-09 
 13.387210948560641   5.947240882369978e-09 
 13.410571024067956   6.634509115107975e-09 
 13.433931099575272   7.397332312244372e-09 
 13.457291175082586   8.243556767998344e-09 
   13.4806512505899   9.181791146806249e-09 
 13.504011326097215  1.0221474837324007e-08 
  13.52737140160453  1.1372951840762135e-08 
 13.550731477111846  1.2647550582951269e-08 
  13.57409155261916  1.4057670061417954e-08 
 13.597451628126475   1.561687276134188e-08 
  13.62081170363379   1.733998479757594e-08 
 13.644171779141104   1.924320376388105e-08 
  13.66753185464842  2.1344214795132272e-08 
 13.690891930155734  2.3662315373452748e-08 
 13.714252005663049    2.62185494349719e-08 
 13.737612081170363  2.9035851360116797e-08 
 13.760972156677678   3.213920045697453e-08 
 13.784332232184994   3.555578657424296e-08 
 13.807692307692307   3.931518750748021e-08 
 13.831052383199623    4.34495588897653e-08 
 13.854412458706937   4.799383728526031e-08 
 13.877772534214252   5.298595723157603e-08 
 13.901132609721566  5.8467083003912525e-08 
  13.92449268522888    6.44818559008528e-08 
 13.947852760736197   7.107865787795989e-08 
 13.971212836243511   7.830989238101184e-08 
 13.994572911750826   8.623228325558819e-08 
  14.01793298725814   9.490719263351952e-08 
 14.041293062765455  1.0440095871937145e-07 
  14.06465313827277  1.1478525442124951e-07 
 14.088013213780085  1.2613746778983346e-07 
   14.1113732892874  1.3854110524706263e-07 
 14.134733364794714   1.520862186014905e-07 
 14.158093440302029  1.6686985686024393e-07 
 14.181453515809345  1.8299654385802605e-07 
 14.204813591316658   2.005787827308804e-07 
 14.228173666823974  2.1973758826658577e-07 
 14.251533742331288   2.406030481640272e-07 
 14.274893817838603   2.633149142305524e-07 
 14.298253893345919    2.88023224538627e-07 
 14.321613968853232  3.1488895755085846e-07 
 14.344974044360548    3.44084719205614e-07 
 14.368334119867862  3.7579546393255704e-07 
 14.391694195375177   4.102192505401936e-07 
 14.415054270882493   4.475680338828051e-07 
 14.438414346389806   4.880684931746923e-07 
 14.461774421897122   5.319628977721623e-07 
 14.485134497404436   5.795100111902907e-07 
  14.50849457291175   6.309860340601298e-07 
 14.531854648419065   6.866855866633816e-07 
  14.55521472392638    7.46922731604451e-07 
 14.578574799433696   8.120320370956427e-07 
  14.60193487494101    8.82369681236619e-07 
 14.625294950448325   9.583145975680759e-07 
  14.64865502595564   1.040269662067508e-06 
 14.672015101462954  1.1286629216350549e-06 
  14.69537517697027  1.2239488639870045e-06 
 14.718735252477583   1.326609728735693e-06 
 14.742095327984899  1.4371568592854584e-06 
 14.765455403492213   1.556132095014962e-06 
 14.788815478999528  1.6841092030492634e-06 
 14.812175554506844  1.8216953487459103e-06 
 14.835535630014157   1.969532603832035e-06 
 14.858895705521473  2.1282994909333287e-06 
 14.882255781028787  2.2987125630286353e-06 
 14.905615856536102  2.4815280161500026e-06 
 14.928975932043418  2.6775433334232837e-06 
  14.95233600755073  2.8875989583141636e-06 
 14.975696083058047  3.1125799947041246e-06 
 14.999056158565361   3.353417931173867e-06 
 15.022416234072676  3.6110923866206686e-06 
  15.04577630957999   3.886632874075671e-06 
 15.069136385087305   4.181120579323053e-06 
  15.09249646059462   4.495690150657628e-06 
 15.115856536101935   4.831531495842929e-06 
  15.13921661160925   5.189891582062109e-06 
 15.162576687116564   5.572076234377122e-06 
 15.185936762623879    5.97945192793967e-06 
 15.209296838131195   6.413447568923327e-06 
 15.232656913638507   6.875556258878207e-06 
 15.256016989145824   7.367337036944367e-06 
 15.279377064653138   7.890416594097275e-06 
 15.302737140160453    8.44649095335283e-06 
 15.326097215667769     9.0373271096106e-06 
 15.349457291175082   9.664764622584237e-06 
 15.372817366682398  1.0330717156051322e-05 
 15.396177442189712  1.1037173956440608e-05 
 15.419537517697027  1.1786201263597987e-05 
 15.442897593204343  1.2579943646390612e-05 
 15.466257668711656  1.3420625255664042e-05 
 15.489617744218972   1.431055098693568e-05 
 15.512977819726286  1.5252107545102847e-05 
   15.5363378952336   1.624776440336582e-05 
 15.559697970740915  1.7300074648513045e-05 
  15.58305804624823   1.841167570469492e-05 
 15.606418121755546  1.9585289927817763e-05 
  15.62977819726286  2.0823725062745416e-05 
 15.653138272770175  2.2129874555551334e-05 
  15.67649834827749  2.3506717713202473e-05 
 15.699858423784804  2.4957319703192124e-05 
  15.72321849929212   2.648483138584079e-05 
 15.746578574799432   2.809248897220181e-05 
 15.769938650306749  2.9783613500824716e-05 
 15.793298725814063  3.1561610126881904e-05 
 15.816658801321378  3.3429967217594226e-05 
 15.840018876828694   3.539225524825881e-05 
 15.863378952336006  3.7452125493648886e-05 
 15.886739027843323   3.961330851005614e-05 
 15.910099103350637   4.187961240378882e-05 
 15.933459178857952   4.425492088253296e-05 
 15.956819254365268   4.674319108662337e-05 
  15.98017932987258   4.934845119794436e-05 
 16.003539405379897   5.207479782493441e-05 
  16.02689948088721   5.492639316289109e-05 
 16.050259556394526   5.790746192966057e-05 
 16.073619631901842   6.102228807756118e-05 
 16.096979707409155   6.427521128336735e-05 
  16.12033978291647   6.767062321906699e-05 
 16.143699858423787   7.121296360705761e-05 
   16.1670599339311   7.490671606452502e-05 
 16.190420009438412   7.875640374264503e-05 
  16.21378008494573   8.276658476745969e-05 
 16.237140160453045   8.694184749020888e-05 
 16.260500235960357    9.12868055561537e-05 
 16.283860311467674   9.580609280186764e-05 
  16.30722038697499  0.00010050435799227582 
 16.330580462482303  0.00010538625940974923 
  16.35394053798962  0.00011045645930872186 
  16.37730061349693  0.00011571961825053294 
 16.400660689004248  0.00012118038933415724 
  16.42402076451156  0.00012684341233981875 
 16.447380840018877  0.00013271330780350782 
 16.470740915526193  0.00013879467104146884 
 16.494100991033505  0.00014509206614493823 
  16.51746106654082  0.00015161001996640239 
 16.540821142048138  0.00015835301611960502 
  16.56418121755545   0.0001653254890166773 
 16.587541293062763  0.00017253181796656416 
  16.61090136857008  0.00017997632135991937 
 16.634261444077396  0.00018766325096646516 
  16.65762151958471  0.00019559678637159247 
 16.680981595092025   0.0002037810295798463 
  16.70434167059934   0.0002122199998134234 
 16.727701746106654  0.00022091762853462298 
  16.75106182161397  0.00022987775472170911 
 16.774421897121282  0.00023910412042803332 
   16.7977819726286  0.00024860036665483765 
  16.82114204813591   0.0002583700295683791 
 16.844502123643228   0.0002684165370923235 
 16.867862199150544   0.0002787432059067098 
 16.891222274657856   0.0002893532388844782 
 16.914582350165173    0.000300249722997152 
  16.93794242567249  0.00031143562772072093 
   16.9613025011798   0.0003229138039730549 
 16.984662576687118   0.0003346869836135378 
  17.00802265219443   0.0003467577795357886 
 17.031382727701747  0.00035912868638362144 
  17.05474280320906  0.00037180208192013443 
 17.078102878716376    0.000384780229079186 
 17.101462954223692  0.00039806527872816107 
 17.124823029731004   0.0004116592731698239 
  17.14818310523832    0.000425564150410837 
 17.171543180745637   0.0004397817492233214 
  17.19490325625295     0.00045431381502527 
 17.218263331760262  0.00046916200660436204 
  17.24162340726758    0.000484327903709094 
 17.264983482774895   0.0004998130155298164 
 17.288343558282207   0.0005156187900913868 
 17.311703633789524   0.0005317466245777731 
  17.33506370929684   0.0005481978766079154 
 17.358423784804152   0.0005649738764809567 
  17.38178386031147   0.0005820759404073426 
  17.40514393581878    0.000599505384741419 
 17.428504011326098   0.0006172635412294077 
  17.45186408683341   0.0006353517732855361 
 17.475224162340727   0.0006537714933073541 
 17.498584237848043   0.0006725241810401063 
 17.521944313355355   0.0006916114029983787 
  17.54530438886267   0.0007110348329516537 
 17.568664464369988   0.0007307962734790383 
   17.5920245398773   0.0007508976785965784 
 17.615384615384613   0.0007713411774592327 
  17.63874469089193      0.0007921290991377 
 17.662104766399246   0.0008132639984686968 
  17.68546484190656   0.0008347486829756083 
 17.708824917413875   0.0008565862408544166 
  17.73218499292119   0.0008787800700187308 
 17.755545068428503    0.000901333908194483 
  17.77890514393582   0.0009242518640547628 
 17.802265219443132   0.0009475384493819105 
  17.82562529495045   0.0009711986122423182 
  17.84898537045776   0.0009952377711584055 
 17.872345445965077   0.0010196618502576666 
 17.895705521472394   0.0010444773153798514 
 17.919065596979706   0.0010696912111175575 
 17.942425672487023   0.0010953111987664038 
  17.96578574799434   0.0011213455951556925 
  17.98914582350165   0.0011478034123303528 
 18.012505899008964   0.0011746943980506716 
  18.03586597451628   0.0012020290770744602 
 18.059226050023597   0.0012298187931835457 
  18.08258612553091    0.001258075751912904 
 18.105946201038225   0.0012868130639387563 
  18.12930627654554   0.0013160447890781131 
 18.152666352052854    0.001345785980849418 
  18.17602642756017    0.001376052731540447 
 18.199386503067487    0.001406862217726124 
   18.2227465785748   0.0014382327461770882 
 18.246106654082112   0.0014701838000918425 
  18.26946672958943   0.0015027360855879492 
 18.292826805096745   0.0015359115783786295 
 18.316186880604057   0.0015697335705597139 
 18.339546956111374   0.0016042267174278704 
  18.36290703161869   0.0016394170842462736 
 18.386267107126002   0.0016753321928711185 
 18.409627182633315    0.001712001068146554 
 18.432987258140635   0.0017494542839730893 
 18.456347333647948   0.0017877240089503085 
  18.47970740915526   0.0018268440514890634 
 18.503067484662576    0.001866849904286304 
 18.526427560169893    0.001907778788050602 
 18.549787635677205   0.0019496696943621578 
  18.57314771118452   0.0019925634275489916 
 18.596507786691838   0.0020365026454540226 
  18.61986786219915   0.0020815318989681306 
 18.643227937706463    0.002127697670197556 
  18.66658801321378    0.002175048409132444 
 18.689948088721096   0.0022236345686797525 
  18.71330816422841     0.00227350863792108 
 18.736668239735724   0.0023247251734533556 
  18.76002831524304   0.0023773408286677845 
 18.783388390750353   0.0024314143808213946 
 18.806748466257666   0.0024870067557527446 
 18.830108541764986   0.0025441810500930434 
   18.8534686172723    0.002603002550823112 
  18.87682869277961     0.00266353875202512 
 18.900188768286927    0.002725859368680002 
 18.923548843794244    0.002790036347360272 
 18.946908919301556   0.0028561438736698108 
 18.970268994808873    0.002924258376284252 
  18.99362907031619     0.00299445852744606 
   19.0169891458235   0.0030668252397734208 
 19.040349221330814   0.0031414416592431185 
  19.06370929683813    0.003218393154213273 
 19.087069372345447   0.0032977673003542606 
  19.11042944785276   0.0033796538613634765 
 19.133789523360075   0.0034641447653438076 
  19.15714959886739   0.0035513340767318294 
 19.180509674374704   0.0036413179636701812 
  19.20386974988202   0.0037341946607241396 
 19.227229825389337   0.0038300644268522586 
  19.25058990089665    0.003929029498549139 
 19.273949976403962    0.004031194038086645 
  19.29731005191128    0.004136664076793282 
 19.320670127418595    0.004245547453315979 
 19.344030202925907    0.004357953746826484 
 19.367390278433223    0.004473994205141401 
  19.39075035394054    0.004593781667738166 
 19.414110429447852    0.004717430483662949 
 19.437470504955165    0.004845056424337568 
 19.460830580462485    0.004976776591287841 
 19.484190655969797    0.005112709318826996 
  19.50755073147711    0.005252974071745338 
 19.530910806984426    0.005397691338067267 
 19.554270882491743    0.005546982516955145 
 19.577630957999055    0.005700969801851306 
  19.60099103350637    0.005859776058967113 
 19.624351109013688    0.006023524701238866 
    19.647711184521    0.006192339557889779 
 19.671071260028313    0.006366344739748043 
  19.69443133553563    0.006545664500489103 
 19.717791411042946    0.006730423093980991 
 19.741151486550258    0.006920744627930556 
 19.764511562057574    0.007116752914038228 
  19.78787163756489    0.007318571314884984 
 19.811231713072203    0.007526322587787943 
 19.834591788579516    0.007740128725875108 
 19.857951864086836    0.007960110796638676 
  19.88131193959415    0.008186388778243466 
  19.90467201510146    0.008419081393872933 
 19.928032090608777    0.008658305944410258 
 19.951392166116094    0.008904178139758603 
 19.974752241623406     0.00915681192911584 
 19.998112317130722    0.009416319330526524 
  20.02147239263804    0.009682810260041877 
  20.04483246814535    0.009956392360823558 
 20.068192543652664     0.01023717083253699 
  20.09155261915998    0.010525248261377441 
 20.114912694667296    0.010820724451084802 
  20.13827277017461    0.011123696255297084 
 20.161632845681925    0.011434257411604035 
  20.18499292118924    0.011752498377648595 
 20.208352996696554    0.012078506169644215 
  20.23171307220387    0.012412364203652776 
 20.255073147711187    0.012754152139980098 
   20.2784332232185    0.013103945731038544 
 20.301793298725812    0.013461816673020053 
  20.32515337423313     0.01382783246171628 
 20.348513449740445    0.014202056252820054 
 20.371873525247757     0.01458454672703398 
 20.395233600755073    0.014975357960293124 
  20.41859367626239    0.015374539299419362 
 20.441953751769702    0.015782135243490526 
 20.465313827277015    0.016198185331212596 
 20.488673902784335    0.016622724034565196 
 20.512033978291647    0.017055780658976453 
  20.53539405379896    0.017497379250264167 
 20.558754129306276     0.01794753850857653 
 20.582114204813593     0.01840627170954645 
 20.605474280320905    0.018873586632832392 
  20.62883435582822    0.019349485498256807 
 20.652194431335538     0.01983396490966531 
  20.67555450684285    0.020327015806673922 
 20.698914582350163     0.02082862342440931 
  20.72227465785748    0.021338767261353184 
 20.745634733364795    0.021857421055364437 
 20.768994808872108     0.02238455276795124 
 20.792354884379424     0.02292012457682734 
  20.81571495988674     0.02346409287677455 
 20.839075035394053    0.024016408288816276 
 20.862435110901366    0.024577015677680083 
 20.885795186408686    0.025145854177507265 
    20.909155261916     0.02572285722575097 
  20.93251533742331     0.02630795260518436 
 20.955875412930627    0.026901062493910916 
 20.979235488437944    0.027502103523264907 
 21.002595563945256    0.028110986843456188 
 21.025955639452572    0.028727618196804378 
  21.04931571495989     0.02935189799837917 
   21.0726757904672    0.029983721423866468 
 21.096035865974514    0.030622978504429448 
  21.11939594148183    0.031269554228348574 
 21.142756016989146    0.031923328649198154 
  21.16611609249646    0.032584177000291155 
 21.189476168003775     0.03325196981512654 
  21.21283624351109    0.033926573053543276 
 21.236196319018404     0.03460784823330762 
  21.25955639452572     0.03529565256678222 
 21.282916470033037     0.03598983910239883 
  21.30627654554035    0.036690256870574776 
 21.329636621047662     0.03739675103375469 
  21.35299669655498     0.03810916304021763 
 21.376356772062294     0.03882733078131103 
 21.399716847569607     0.03955108875174692 
 21.423076923076923    0.040280268212601604 
  21.44643699858424    0.041014697356665734 
 21.469797074091552      0.0417542014757593 
 21.493157149598865     0.04249860312967557 
 21.516517225106185     0.04324772231636004 
 21.539877300613497    0.044001376642988844 
  21.56323737612081     0.04475938149757439 
 21.586597451628126     0.04552155022073045 
 21.609957527135442     0.04628769427728289 
 21.633317602642755     0.04705762342734043 
  21.65667767815007    0.047831145896523444 
 21.680037753657388     0.04860806854499283 
   21.7033978291647     0.04938819703498895 
 21.726757904672013     0.05017133599653596 
  21.75011798017933     0.05095728919106174 
 21.773478055686645     0.05174585967257567 
 21.796838131193958    0.052536849946220536 
 21.820198206701274    0.053330062123840075 
  21.84355828220859    0.054125298076397016 
 21.866918357715903    0.054922359582949845 
 21.890278433223216      0.0557210484760047 
 21.913638508730536     0.05652116678302421 
  21.93699858423785     0.05732251686389306 
  21.96035865974516     0.05812490154422028 
 21.983718735252477     0.05892812424423884 
 22.007078810759793     0.05973198910324862 
 22.030438886267106     0.06053630109942737 
 22.053798961774422    0.061340866164922854 
  22.07715903728174    0.062145491296149644 
  22.10051911278905      0.0629499846591745 
 22.123879188296364     0.06375415569021163 
  22.14723926380368     0.06455781519111478 
 22.170599339310996     0.06536077541988215 
  22.19395941481831     0.06616285017618238 
 22.217319490325625     0.06696385488186957 
  22.24067956583294     0.06776360665655642 
 22.264039641340254     0.06856192438825177 
  22.28739971684757     0.06935862879915955 
 22.310759792354887     0.07015354250666109 
   22.3341198678622     0.07094649007960249 
 22.357479943369512     0.07173729808996579 
 22.380840018876828     0.07252579516003219 
 22.404200094384144     0.07331181200517548 
 22.427560169891457     0.07409518147238928 
 22.450920245398773     0.07487573857470514 
  22.47428032090609     0.07565332052167538 
 22.497640396413402     0.07642776674600811 
 22.521000471920715     0.07719891892663451 
 22.544360547428035     0.07796662100825469 
 22.567720622935347     0.07873071921765849 
  22.59108069844266      0.0794910620769278 
 22.614440773949976     0.08024750041375671 
 22.637800849457292     0.08099988736905515 
 22.661160924964605     0.08174807840206536 
  22.68452100047192     0.08249193129314675 
 22.707881075979238      0.0832313061444947 
  22.73124115148655     0.08396606537893428 
 22.754601226993863     0.08469607373701186 
  22.77796130250118     0.08542119827261836 
 22.801321378008495     0.08614130834728626 
 22.824681453515808     0.08685627562340133 
 22.848041529023124     0.08756597405652336 
  22.87140160453044      0.0882702798869623 
 22.894761680037753     0.08896907163084881 
 22.918121755545066     0.08966223007086435 
 22.941481831052386     0.09034963824677716 
   22.9648419065597     0.09103118144600454 
  22.98820198206701     0.09170674719432811 
 23.011562057574327     0.09237622524691576 
 23.034922133081643     0.09303950757983095 
 23.058282208588956     0.09369648838214523 
 23.081642284096272     0.09434706404878994 
  23.10500235960359     0.09499113317426432 
   23.1283624351109      0.0956285965473468 
 23.151722510618214     0.09625935714686332 
  23.17508258612553     0.09688332013866412 
 23.198442661632846      0.0975003928738374 
  23.22180273714016     0.09811048488830158 
 23.245162812647475     0.09871350790379145 
  23.26852288815479      0.0993093758303093 
 23.291882963662104      0.0998980047700955 
  23.31524303916942     0.10047931302317374 
 23.338603114676737     0.10105322109443911 
  23.36196319018405     0.10161965170238085 
 23.385323265691362     0.10217852978938348 
 23.408683341198678     0.10272978253364189 
 23.432043416705994      0.1032733393627082 
 23.455403492213307     0.10380913196853103 
 23.478763567720623     0.10433709432412527 
  23.50212364322794     0.10485716270170345 
 23.525483718735252      0.1053692756922856 
 23.548843794242565     0.10587337422671321 
 23.572203869749885      0.1063694015980294 
 23.595563945257197     0.10685730348511165 
  23.61892402076451     0.10733702797755042 
 23.642284096271826     0.10780852560162833 
 23.665644171779142     0.10827174934735141 
 23.689004247286455     0.10872665469643322 
  23.71236432279377     0.10917319965112061 
 23.735724398301087     0.10961134476379189 
   23.7590844738084     0.11004105316719003 
 23.782444549315713     0.11046229060520357 
  23.80580462482303     0.11087502546407864 
 23.829164700330345     0.11127922880394048 
 23.852524775837658     0.11167487439053886 
 23.875884851344974     0.11206193872705306 
  23.89924492685229     0.11244040108591287 
 23.922605002359603     0.11281024354041684 
 23.945965077866916     0.11317145099614713 
 23.969325153374236     0.11352401122196207 
 23.992685228881548      0.1138679148805277 
  24.01604530438886     0.11420315555823754 
 24.039405379896177     0.11452972979440135 
 24.062765455403493     0.11484763710962338 
 24.086125530910806     0.11515688003325032 
 24.109485606418122      0.1154574641297964 
  24.13284568192544     0.11574939802417801 
  24.15620575743275     0.11603269342581289 
 24.179565832940064      0.1163073651512953 
  24.20292590844738      0.1165734311457343 
 24.226285983954696     0.11683091250254866 
  24.24964605946201     0.11707983348170051 
 24.273006134969325     0.11732022152628006 
  24.29636621047664     0.11755210727734465 
 24.319726285983954     0.11777552458695918 
  24.34308636149127     0.11799051052940267 
 24.366446436998586     0.11819710541044721 
   24.3898065125059     0.11839535277460192 
 24.413166588013212     0.11858529941042976 
 24.436526663520528     0.11876699535370497 
 24.459886739027844     0.11894049388846546 
 24.483246814535157      0.1191058515459434 
 24.506606890042473     0.11926312810121985 
  24.52996696554979     0.11941238656769305 
 24.553327041057102     0.11955369318927798 
 24.576687116564415     0.11968711743024733 
 24.600047192071735     0.11981273196280061 
 24.623407267579047      0.1199306126522161 
  24.64676734308636     0.12004083853967255 
 24.670127418593676      0.1201434918225811 
 24.693487494100992     0.12023865783255047 
 24.716847569608305      0.1203264250108368 
  24.74020764511562     0.12040688488132695 
 24.763567720622937     0.12048013202098809 
  24.78692779613025     0.12054626402779253 
 24.810287871637563     0.12060538148606417 
  24.83364794714488     0.12065758792922461 
 24.857008022652195     0.12070298979993498 
 24.880368098159508     0.12074169640755567 
 24.903728173666824     0.12077381988295276 
  24.92708824917414     0.12079947513055782 
 24.950448324681453     0.12081877977771724 
 24.973808400188766      0.1208318541212007 
 24.997168475696085      0.1208388210709546 
 25.020528551203398     0.12083980609095606 
  25.04388862671071     0.12083493713719458 
 25.067248702218027     0.12082434459271137 
 25.090608777725343     0.12080816119968626 
 25.113968853232656     0.12078652198850513 
 25.137328928739972     0.12075956420379988 
  25.16068900424729     0.12072742722740007 
   25.1840490797546     0.12069025249816509 
 25.207409155261914     0.12064818342870592 
  25.23076923076923     0.12060136531889358 
 25.254129306276546     0.12054994526618533 
  25.27748938178386     0.12049407207272689 
 25.300849457291175     0.12043389614922809 
  25.32420953279849     0.12036956941554271 
 25.347569608305804     0.12030124519803585 
  25.37092968381312     0.12022907812365839 
 25.394289759320436       0.120153224010758 
  25.41764983482775      0.1200738397566924 
  25.44100991033506     0.11999108322215643 
 25.464369985842378      0.1199051131123913 
 25.487730061349694     0.11981608885518368 
 25.511090136857007       0.119724170475818 
 25.534450212364323     0.11962951846896663 
  25.55781028787164     0.11953229366763427 
 25.581170363378952     0.11943265710922435 
 25.604530438886265     0.11933076989883833 
 25.627890514393584      0.1192267930698981 
 25.651250589900897     0.11912088744223837 
  25.67461066540821     0.11901321347778764 
 25.697970740915526     0.11890393113400913 
 25.721330816422842     0.11879319971521994 
 25.744690891930155     0.11868117772202291 
  25.76805096743747     0.11856802269899103 
 25.791411042944787     0.11845389108084065 
   25.8147711184521     0.11833893803728493 
 25.838131193959413     0.11822331731680215 
  25.86149126946673     0.11810718108952875 
 25.884851344974045     0.11799067978961263 
 25.908211420481358     0.11787396195715093 
 25.931571495988674     0.11775717408010242 
  25.95493157149599     0.11764046043638211 
 25.978291647003303     0.11752396293643783 
  26.00165172251062     0.11740782096658638 
 26.025011798017932     0.11729217123346122 
 26.048371873525248     0.11717714760978372 
  26.07173194903256     0.11706288098182441 
 26.095092024539877     0.11694949909882994 
 26.118452100047193     0.11683712642475409 
 26.141812175554506     0.11672588399252756 
 26.165172251061822     0.11661588926125573 
 26.188532326569135     0.11650725597656866 
  26.21189240207645      0.1164000940344296 
 26.235252477583767      0.1162945093487566 
  26.25861255309108     0.11619060372300845 
 26.281972628598396      0.1160884747261093 
  26.30533270410571     0.11598821557293265 
 26.328692779613025     0.11588991500954103 
  26.35205285512034     0.11579365720351914 
 26.375412930627654     0.11569952163948863 
  26.39877300613497      0.1156075830201072 
 26.422133081642283     0.11551791117266742 
   26.4454931571496     0.11543057096149612 
 26.468853232656915     0.11534562220627885 
 26.492213308164228     0.11526311960644046 
 26.515573383671544     0.11518311267170764 
 26.538933459178857      0.1151056456588667 
 26.562293534686173     0.11503075751488688 
 26.585653610193486       0.114958481826333 
 26.609013685700802      0.1148888467751933 
 26.632373761208118     0.11482187510101273 
  26.65573383671543     0.11475758406939177 
 26.679093912222747     0.11469598544676805 
  26.70245398773006     0.11463708548138976 
 26.725814063237376     0.11458088489042058 
 26.749174138744692     0.11452737885306773 
 26.772534214252005     0.11447655700958348 
  26.79589428975932     0.11442840346597158 
 26.819254365266634     0.11438289680430384 
  26.84261444077395     0.11434001009839173 
 26.865974516281266     0.11429971093462964 
  26.88933459178858     0.11426196143783898 
 26.912694667295895     0.11422671830183244 
 26.936054742803208      0.1141939328245045 
 26.959414818310524      0.1141635509471746 
  26.98277489381784     0.11413551329797289 
 27.006134969325153     0.11410975523894822 
  27.02949504483247     0.11408620691670024 
 27.052855120339782     0.11406479331624043 
 27.076215195847098     0.11404543431780927 
  27.09957527135441     0.11402804475643384 
 27.122935346861727     0.11401253448392451 
 27.146295422369043     0.11399880843305626 
 27.169655497876356     0.11398676668375113 
 27.193015573383672     0.11397630453095244 
 27.216375648890985     0.11396731255400329 
   27.2397357243983     0.11395967668734769 
 27.263095799905617     0.11395327829227318 
  27.28645587541293     0.11394799422964866 
 27.309815950920246     0.11394369693331949 
  27.33317602642756     0.11394025448419755 
 27.356536101934875     0.11393753068477738 
  27.37989617744219     0.11393538513408935 
 27.403256252949504     0.11393367330290775 
  27.42661632845682     0.11393224660922824 
 27.449976403964133     0.11393095249395009 
  27.47333647947145     0.11392963449678173 
 27.496696554978765     0.11392813233231769 
 27.520056630486078     0.11392628196639759 
 27.543416705993394     0.11392391569278544 
 27.566776781500707     0.11392086221022292 
 27.590136857008023      0.1139169467000437 
 27.613496932515336     0.11391199090436147 
 27.636857008022652     0.11390581320515752 
 27.660217083529968      0.1138982287042584 
  27.68357715903728     0.11388904930457938 
 27.706937234544597     0.11387808379270584 
  27.73029731005191     0.11386513792316519 
 27.753657385559226     0.11385001450457198 
 27.777017461066542     0.11383251348794206 
 27.800377536573855     0.11381243205747382 
  27.82373761208117      0.1137895647240712 
 27.847097687588484     0.11376370342191972 
   27.8704577630958      0.1137346376084395 
 27.893817838603116     0.11370215436793969 
  27.91717791411043     0.11366603851926964 
 27.940537989617745     0.11362607272783422 
 27.963898065125058     0.11358203762226415 
 27.987258140632374     0.11353371191607457 
  28.01061821613969     0.11348087253465151 
 28.033978291647003     0.11342329474783375 
  28.05733836715432      0.1133607523084116 
  28.08069844266163     0.11329301759684074 
 28.104058518168948     0.11321986177242138 
  28.12741859367626     0.11314105493119073 
 28.150778669183577      0.1130563662708064 
 28.174138744690893     0.11296556426258231 
 28.197498820198206      0.1128684168308894 
 28.220858895705522     0.11276469154010471 
 28.244218971212835     0.11265415578921721 
  28.26757904672015     0.11253657701419732 
 28.290939122227467     0.11241172289823353 
  28.31429919773478     0.11227936158986056 
 28.337659273242096     0.11213926192898627 
  28.36101934874941     0.11199119368081958 
 28.384379424256725      0.1118349277775756 
  28.40773949976404     0.11167023656797052 
 28.431099575271354     0.11149689407424831 
  28.45445965077867     0.11131467625662027 
 28.477819726285983     0.11112336128496247 
   28.5011798017933     0.11092272981738083 
 28.524539877300615      0.1107125652854919 
 28.547899952807928     0.11049265418599329 
 28.571260028315244      0.1102627863781934 
 28.594620103822557     0.11002275538710159 
 28.617980179329873      0.1097723587115688 
 28.641340254837186     0.10951139813711384 
 28.664700330344502     0.10923968005275962 
 28.688060405851818     0.10895701577145141 
  28.71142048135913     0.10866322185341877 
 28.734780556866447     0.10835812043183544 
  28.75814063237376      0.1080415395401621 
 28.781500707881076     0.10771331344048192 
 28.804860783388392     0.10737328295209074 
 28.828220858895705     0.10702129577964704 
  28.85158093440302     0.10665720684009003 
 28.874941009910334      0.1062808785875598 
  28.89830108541765     0.10589218133553295 
 28.921661160924966     0.10549099357532847 
  28.94502123643228      0.1050772022901959 
 28.968381311939595     0.10465070326408998 
 28.991741387446908     0.10421140138437089 
 29.015101462954224     0.10375921093748706 
  29.03846153846154     0.10329405589682823 
 29.061821613968853     0.10281587020190973 
  29.08518168947617      0.1023245980279969 
  29.10854176498348     0.10182019404536156 
 29.131901840490798     0.10130262366729362 
  29.15526191599811     0.10077186328608612 
 29.178621991505427     0.10022790049614139 
 29.201982067012743     0.09967073430345767 
 29.225342142520056     0.09910037532065885 
 29.248702218027372     0.09851684594688145 
 29.272062293534685     0.09792018053175264 
    29.295422369042     0.09731042552281355 
 29.318782444549317     0.09668763959565192 
  29.34214252005663     0.09605189376622313 
 29.365502595563946     0.09540327148464803 
  29.38886267107126     0.09474186871007918 
 29.412222746578575     0.09406779396595673 
  29.43558282208589     0.09338116837537225 
 29.458942897593204     0.09268212567596987 
  29.48230297310052     0.09197081221410237 
 29.505663048607833     0.09124738691788871 
  29.52902312411515     0.09051202124891629 
 29.552383199622465     0.08976489913233364 
 29.575743275129778     0.08900621686524902 
 29.599103350637094     0.08823618300321968 
 29.622463426144407     0.08745501822489098 
 29.645823501651723     0.08666295517469572 
 29.669183577159036      0.0858602382837341 
  29.69254365266635     0.08504712356894692 
 29.715903728173668     0.08422387841072529 
  29.73926380368098     0.08339078130925805 
 29.762623879188297     0.08254812161984895 
  29.78598395469561     0.08169619926758426 
 29.809344030202926     0.08083532444178244 
 29.832704105710242     0.07996581727066751 
 29.856064181217555     0.07908800747677343 
  29.87942425672487     0.07820223401371451 
 29.902784332232184     0.07730884468489953 
   29.9261444077395     0.07640819574489101 
 29.949504483246816     0.07550065148416954 
  29.97286455875413      0.0745865837980249 
 29.996224634261445     0.07366637174048263 
 30.019584709768758     0.07274040106405016 
 30.042944785276074     0.07180906374628512 
  30.06630486078339     0.07087275750406041 
 30.089664936290703     0.06993188529658362 
  30.11302501179802     0.06898685481813302 
  30.13638508730533     0.06803807798162179 
 30.159745162812648     0.06708597039403166 
  30.18310523831996     0.06613095082483611 
 30.206465313827277     0.06517344066854643 
 30.229825389334593     0.06421386340252666 
 30.253185464841906     0.06325264404122387 
 30.276545540349222     0.06229020858800487 
 30.299905615856535     0.06132698348575176 
  30.32326569136385    0.060363395067435884 
 30.346625766871167     0.05939986900782779 
  30.36998584237848     0.05843682977750405 
 30.393345917885796    0.057474700100383795 
  30.41670599339311    0.056513900415883195 
 30.440066068900425      0.0555548483469058 
  30.46342614440774    0.054597958174733056 
 30.486786219915054     0.05364364032199087 
  30.51014629542237     0.05269230084469864 
 30.533506370929683     0.05174434093453997 
    30.556866446437      0.0508001564323331 
 30.580226521944315    0.049860137353681465 
 30.603586597451628       0.048924667427803 
 30.626946672958944    0.047994123650426386 
 30.650306748466257     0.04706887585162524 
 30.673666823973573     0.04614928627942825 
 30.697026899480885       0.045235709199986 
   30.7203869749882     0.04432849051503201 
 30.743747050495518     0.04342796739729122 
  30.76710712600283    0.042534467944500436 
 30.790467201510147    0.041648310852596605 
  30.81382727701746     0.04076980510858331 
 30.837187352524776     0.03989924970355467 
 30.860547428032092     0.03903693336626001 
 30.883907503539405     0.03818313431756592 
  30.90726757904672     0.03733812004610761 
 30.930627654554034    0.036502147105320716 
  30.95398773006135     0.03567546093207568 
 30.977347805568666     0.03485829568696425 
  31.00070788107598     0.03405087411632388 
 31.024067956583295    0.033253407435976615 
 31.047428032090608     0.03246609523662373 
 31.070788107597924    0.031689125410745464 
  31.09414818310524    0.030922674100862885 
 31.117508258612553    0.030166905668910508 
  31.14086833411987    0.029421972686421778 
  31.16422840962718      0.0286880159452153 
 31.187588485134498    0.027965164488180972 
  31.21094856064181     0.02725353565973569 
 31.234308636149127     0.02655323517547655 
 31.257668711656443    0.025864357210506866 
 31.281028787163756    0.025186984505883553 
 31.304388862671072     0.02452118849257982 
 31.327748938178384     0.02386702943234082 
   31.3511090136857    0.023224556574762113 
 31.374469089193017     0.02259380832990653 
  31.39782916470033     0.02197481245573535 
 31.421189240207646    0.021367586259602184 
  31.44454931571496     0.02077213681307052 
 31.467909391222275      0.0201884611792476 
  31.49126946672959    0.019616546651853237 
 31.514629542236904     0.01905637100521213 
  31.53798961774422    0.018507902754347952 
 31.561349693251532    0.017971101424364512 
  31.58470976875885    0.017445917828271634 
 31.608069844266165    0.016932294352443374 
 31.631429919773478    0.016430165248871142 
 31.654789995280794    0.015939456933390998 
 31.678150070788107    0.015460088289074018 
 31.701510146295423    0.014991970973968542 
 31.724870221802735    0.014535009732399599 
  31.74823029731005    0.014089102709050097 
 31.771590372817368    0.013654141765052244 
  31.79495044832468    0.013230012795345334 
 31.818310523831997    0.012816596046571503 
  31.84167059933931    0.012413766434803053 
 31.865030674846626    0.012021393862418754 
 31.888390750353942    0.011639343533468537 
 31.911750825861255    0.011267476266896656 
  31.93511090136857    0.010905648807012969 
 31.958470976875883      0.0105537141306351 
   31.9818310523832    0.010211521750354589 
  32.00519112789051    0.009878918013402281 
 32.028551203397825    0.009555746395624945 
 32.051911278905145     0.00924184779011386 
  32.07527135441246    0.008937060790055946 
  32.09863142991978    0.008641221965408672 
  32.12199150542709    0.008354166133034429 
   32.1453515809344     0.00807572661995729 
 32.168711656441715    0.007805735519438557 
  32.19207173194903    0.007544023939597162 
  32.21543180745635    0.007290422244332037 
  32.23879188296366     0.00704476028633235 
  32.26215195847098     0.00680686763199278 
  32.28551203397829   0.0065765737780775985 
 32.308872109485606     0.00635370836000565 
  32.33223218499292     0.00613810135165823 
  32.35559226050023    0.005929583256633435 
  32.37895233600755     0.00572798529090015 
  32.40231241151487    0.005533139556827292 
  32.42567248702218    0.005344879208585804 
 32.449032562529496    0.005163038608948961 
  32.47239263803681    0.004987453477528495 
  32.49575271354412    0.004817961030513666 
  32.51911278905144    0.004654400111993563 
  32.54247286455875    0.004496611316960553 
  32.56583294006607    0.004344437106114016 
 32.589193015573386    0.004197721912593239 
   32.6125530910807    0.004056312240786798 
  32.63591316658801    0.003920056757376575 
 32.659273242095324   0.0037888063747880145 
 32.682633317602644    0.003662414327227005 
  32.70599339310996   0.0035407362394961894 
 32.729353468617276   0.0034236301887895977 
  32.75271354412459   0.0033109567596738263 
   32.7760736196319   0.0032025790924691067 
 32.799433695139214   0.0030983629252510545 
  32.82279377064653    0.002998176629695892 
  32.84615384615385   0.0029018912409985026 
  32.86951392166116   0.0028093804820928862 
  32.89287399716848    0.002720520782408217 
  32.91623407267579    0.002635191291394673 
 32.939594148183104   0.0025532738870528812 
  32.96295422369042    0.002474653179701261 
  32.98631429919773    0.002399216511214428 
  33.00967437470505    0.002326853949964754 
  33.03303445021237    0.002257458281695959 
  33.05639452571968    0.002190924996556351 
 33.079754601226995    0.002127152272515183 
  33.10311467673431   0.0020660409553834424 
  33.12647475224162   0.0020074945356542235 
  33.14983482774894    0.001951419122376766 
  33.17319490325625   0.0018977234142699701 
  33.19655497876357   0.0018463186682800433 
 33.219915054270885   0.0017971186657795193 
   33.2432751297782    0.001750039676599318 
  33.26663520528551   0.0017050004210830188 
  33.28999528079282    0.001661922030342662 
  33.31335535630014    0.001620728004893962 
 33.336715431807455    0.001581344171839515 
 33.360075507314775   0.0015436986407650806 
  33.38343558282209   0.0015077217585070626 
   33.4067956583294   0.0014733460629436945 
  33.43015573383671   0.0014405062359563521 
 33.453515809344026    0.001409139055701636 
 33.476875884851346   0.0013791833483298387 
  33.50023596035866   0.0013505799392768715 
  33.52359603586598   0.0013232716042557247 
  33.54695611137329   0.0012972030200623208 
   33.5703161868806   0.0012723207153094015 
 33.593676262387916    0.001248573021194465 
  33.61703633789523   0.0012259100224026758 
  33.64039641340255   0.0012042835082405074 
  33.66375648890987   0.0011836469240909195 
  33.68711656441718   0.0011639553232745633 
 33.710476639924494    0.001145165319398542 
 33.733836715431806   0.0011272350392671246 
  33.75719679093912   0.0011101240764250977 
  33.78055686644643   0.0010937934454003815 
  33.80391694195375   0.0010782055367060941 
  33.82727701746107   0.0010633240726595887 
 33.850637092968384   0.0010491140640702908 
   33.8739971684757   0.0010355417678446577 
  33.89735724398301   0.0010225746455516866 
  33.92071731949032    0.001010181322989195 
  33.94407739499764   0.0009983315507856316 
 33.967437470504954   0.0009869961660699431 
 33.990797546012274    0.000976147055236683 
  34.01415762151959   0.0009657571178308741 
   34.0375176970269    0.000955800231572335 
  34.06087777253421   0.0009462512185369099 
 34.084237848041525   0.0009370858125073537 
 34.107597923548845    0.000928280627503488 
  34.13095799905616   0.0009198131274985002 
  34.15431807456348   0.0009116615973239312 
  34.17767815007079   0.0009038051147635876 
   34.2010382255781   0.0008962235238328689 
 34.224398301085415   0.0008888974092373707 
  34.24775837659273   0.0008818080720012432 
  34.27111845210005   0.0008749375062534544 
  34.29447852760736   0.0008682683771567677 
  34.31783860311468   0.0008617839999617259 
  34.34119867862199   0.0008554683201657292 
 34.364558754129305     0.00084930589475412 
  34.38791882963662    0.000843281874498075 
  34.41127890514393   0.0008373819872820054 
  34.43463898065125   0.0008315925224310598 
  34.45799905615857     0.00082590031600617 
  34.48135913166588   0.0008202927370338401 
 34.504719207173196   0.0008147576746346449 
  34.52807928268051   0.0008092835260133453 
  34.55143935818782    0.000803859185271803 
  34.57479943369514   0.0007984740330044039 
  34.59815950920245    0.000793117926634565 
  34.62151958470977   0.0007877811914494186 
 34.644879660217086   0.0007824546122891938 
   34.6682397357244   0.0007771294258465332 
  34.69159981123171   0.0007717973135305728 
 34.714959886739024   0.0007664503948500263 
 34.738319962246344   0.0007610812212688928 
 34.761680037753656   0.0007556827704884916 
 34.785040113260976   0.0007502484411094479 
  34.80840018876829   0.0007447720476268434 
   34.8317602642756   0.0007392478157128096 
 34.855120339782914   0.0007336703777405828 
  34.87848041529023   0.0007280347685049384 
  34.90184049079755   0.0007223364210947464 
  34.92520056630486   0.0007165711628737239 
  34.94856064181218   0.0007107352115273837 
  34.97192071731949    0.000704825171134571 
 34.995280792826804   0.0006988380282237185 
  35.01864086833412   0.0006927711477752819 
  35.04200094384143   0.0006866222691337077 
  35.06536101934875   0.0006803895017930912 
  35.08872109485607   0.0006740713210243106 
  35.11208117036338   0.0006676665633109251 
 35.135441245870695   0.0006611744215655977 
  35.15880132137801   0.0006545944400992646 
  35.18216139688532   0.0006479265093182472 
  35.20552147239263   0.0006411708601265827 
  35.22888154789995   0.0006343280580133413 
  35.25224162340727   0.0006273989968068959 
 35.275601698914585   0.0006203848920807586 
   35.2989617744219   0.0006132872741979953 
  35.32232184992921   0.0006061079809836806 
  35.34568192543652    0.000598849150017438 
  35.36904200094384   0.0005915132105405977 
 35.392402076451155   0.0005841028749749312 
 35.415762151958475   0.0005766211300523835 
  35.43912222746579   0.0005690712275578163 
   35.4624823029731    0.000561456674688792 
  35.48584237848041   0.0005537812240391598 
 35.509202453987726   0.0005460488632151322 
 35.532562529495046   0.0005382638040947714 
  35.55592260500236   0.0005304304717441981 
  35.57928268050968   0.0005225534930051402 
  35.60264275601699   0.0005146376847711124 
   35.6260028315243   0.0005066880419707355 
 35.649362907031616   0.0004987097252785388 
  35.67272298253893   0.0004907080485751976 
  35.69608305804625   0.0004826884661803409 
  35.71944313355356  0.00047465655988271035 
  35.74280320906088  0.00046661802579304237 
 35.766163284568194  0.00045857866104662425 
 35.789523360075506   0.0004505443503828619 
  35.81288343558282  0.00044252105263030384 
  35.83624351109013   0.0004345147871256704 
  35.85960358659745   0.0004265316200963796 
  35.88296366210477   0.0004185776510359884 
 35.906323737612084     0.00041065899910223 
   35.9296838131194  0.00040278178956737356 
  35.95304388862671  0.00039495214035050076 
  35.97640396413402  0.00038717614866101496 
  35.99976403964134   0.0003794598777823196 
 36.023124115148654    0.000371809344024298 
 36.046484190655974    0.000364230503872187 
  36.06984426616329   0.0003567292413594555 
   36.0932043416706  0.00034931135569058873 
  36.11656441717791  0.00034198254913966707 
 36.139924492685225  0.00033474841524903427 
 36.163284568192545   0.0003276144273515724 
  36.18664464369986   0.0003205859274389505 
  36.21000471920718  0.00031366811539693535 
  36.23336479471449   0.0003068660386278201 
   36.2567248702218   0.0003001845820783374 
 36.280084945729115   0.0002936284586910209 
  36.30344502123643   0.0002872022002941002 
  36.32680509674375  0.00028091014894537556 
  36.35016517225106   0.0002747564487431144 
  36.37352524775838   0.0002687450381155693 
  36.39688532326569  0.00026287964260016025 
 36.420245398773005  0.00025716376812109676 
  36.44360547428032   0.0002516006947734964 
  36.46696554978763  0.00024619347112043424 
  36.49032562529495  0.00024094490900814354 
  36.51368570080227   0.0002358575789033497 
  36.53704577630958  0.00023093380575542766 
 36.560405851816896  0.00022617566538494875 
  36.58376592732421   0.0002215849813990344 
  36.60712600283152   0.0002171633226327595 
  36.63048607833884   0.0002129120011149033 
  36.65384615384615   0.0002088320705552825 
  36.67720622935347  0.00020492432535001184 
 36.700566304860786  0.00020118930009999772 
   36.7239263803681  0.00019762726963732486 
  36.74728645587541  0.00019423824955327863 
 36.770646531382724  0.00019102199722098237 
  36.79400660689004  0.00018797801330502393 
 36.817366682397356  0.00018510554374972626 
 36.840726757904676  0.00018240358223711392 
  36.86408683341199  0.00017987087310512184 
   36.8874469089193  0.00017750591471599425 
 36.910806984426614  0.00017530696326439112 
  36.93416705993393  0.00017327203701424074 
  36.95752713544125   0.0001713989209529581 
  36.98088721094856  0.00016968517185122237 
  37.00424728645588   0.0001681281237162882 
  37.02760736196319  0.00016672489362610013 
 37.050967437470504  0.00016547238793163143 
  37.07432751297782    0.000164367308814097 
  37.09768758848513  0.00016340616118364418 
  37.12104766399245  0.00016258525990579608 
  37.14440773949977  0.00016190073734143263 
  37.16776781500708   0.0001613485511860582 
 37.191127890514394  0.00016092449259369812 
  37.21448796602171  0.00016062419457031903 
  37.23784804152902  0.00016044314062166698 
  37.26120811703633  0.00016037667363985223 
  37.28456819254365  0.00016042000501286617 
  37.30792826805097  0.00016056822394076026 
 37.331288343558285  0.00016081630694203525 
   37.3546484190656   0.0001611591275334185 
  37.37800849457291  0.00016159146606577627 
  37.40136857008022  0.00016210801969876944 
  37.42472864558754  0.00016270341249637017 
 37.448088721094855  0.00016337220562510568 
 37.471448796602175   0.0001641089076365501 
  37.49480887210949   0.0001649079848152741 
   37.5181689476168  0.00016576387157313835 
  37.54152902312411  0.00016667098087052394 
 37.564889098631426  0.00016762371464486566 
 37.588249174138745  0.00016861647422645928 
  37.61160924964606  0.00016964367072140737 
  37.63496932515338   0.0001706997353414085 
  37.65832940066069  0.00017177912965958783 
    37.681689476168   0.0001728763557719104 
 37.705049551675316  0.00017398596634319428 
  37.72840962718263  0.00017510257451696434 
  37.75176970268995  0.00017622086366814727 
  37.77512977819726  0.00017733559697788388 
  37.79848985370458  0.00017844162680963758 
  37.82184992921189   0.0001795339038660371 
 37.845210004719206  0.00018060748610607477 
  37.86857008022652  0.00018165754740255463 
  37.89193015573383   0.0001826793859200746 
  37.91529023124115  0.00018366843219417132 
  37.93865030674847  0.00018462025689282025 
 37.962010382255784  0.00018553057824198936 
 37.985370457763096  0.00018639526909760437 
  38.00873053327041  0.00018721036364696805 
  38.03209060877772  0.00018797206372347735 
  38.05545068428504  0.00018867674471931563 
 38.078810759792354   0.0001893209610817106 
 38.102170835299674   0.0001899014513793715 
  38.12553091080699   0.0001904151429267325 
   38.1488909863143  0.00019085915595478604 
  38.17225106182161  0.00019123080731845113 
 38.195611137328925  0.00019152761373167102 
 38.218971212836244  0.00019174729452270416 
  38.24233128834356  0.00019188777390349062 
  38.26569136385088  0.00019194718274820119 
  38.28905143935819  0.00019192385987769684 
   38.3124115148655   0.0001918163528479203 
 38.335771590372815  0.00019162341824180895 
  38.35913166588013  0.00019134402146576472 
  38.38249174138745  0.00019097733605329372 
  38.40585181689476   0.0001905227424798481 
  38.42921189240208   0.0001899798264945469 
  38.45257196790939  0.00018934837697582747 
 38.475932043416705   0.0001886283833196823 
  38.49929211892402  0.00018782003237054217 
  38.52265219443133   0.0001869237049063318 
  38.54601226993865  0.00018593997169063728 
  38.56937234544597  0.00018486958910625753 
  38.59273242095328  0.00018371349438576476 
 38.616092496460595   0.0001824728004559136 
  38.63945257196791   0.0001811487904139687 
  38.66281264747522  0.00017974291165510927 
  38.68617272298254  0.00017825676967114627 
  38.70953279848985   0.0001766921215417694 
  38.73289287399717  0.00017505086914034747 
 38.756252949504486   0.0001733350520772434 
   38.7796130250118  0.00017154684040417514 
  38.80297310051911  0.00016968852710384896 
 38.826333176026424   0.0001677625203895765 
  38.84969325153374   0.0001657713358399946 
 38.873053327041056  0.00016371758839434057 
 38.896413402548376  0.00016160398423391392 
  38.91977347805569  0.00015943331257549338 
    38.943133553563   0.0001572084374024426 
 38.966493629070314  0.00015493228915917925 
  38.98985370457763  0.00015260785643443338 
 39.013213780084946   0.0001502381776584561 
  39.03657385559226  0.00014782633283891918 
  39.05993393109958    0.000145375435359743 
  39.08329400660689  0.00014288862386653908 
 39.106654082114204  0.00014036905426162194 
  39.13001415762152  0.00013781989183084313 
  39.15337423312883  0.00013524430352362046 
  39.17673430863615  0.00013264545040663915 
  39.20009438414347  0.00013002648031072502 
  39.22345445965078  0.00012739052068932565 
 39.246814535158094   0.0001247406717059477 
  39.27017461066541  0.00012207999956674557 
  39.29353468617272  0.00011941153011324053 
  39.31689476168003   0.0001167382426889206 
  39.34025483718735  0.00011406306429220296 
  39.36361491269467   0.0001113888640269362 
 39.386974988201985  0.00010871844786030013 
   39.4103350637093   0.0001060545536966382 
  39.43369513921661  0.00010339984677442302 
  39.45705521472392  0.00010075691539220681 
  39.48041529023124   9.812826696808954e-05 
 39.503775365738555   9.551632443592208e-05 
 39.527135441245875   9.292342298014504e-05 
  39.55049551675319   9.035180710992238e-05 
   39.5738555922605   8.780362807194016e-05 
  39.59721566776781   8.528094160007514e-05 
 39.620575743275126   8.278570599893102e-05 
 39.643935818782445   8.031978055713287e-05 
  39.66729589428976   7.788492428518963e-05 
  39.69065596979708   7.548279497169139e-05 
  39.71401604530439   7.311494855067033e-05 
   39.7373761208117   7.078283877199666e-05 
 39.760736196319016    6.84878171658716e-05 
  39.78409627182633   6.623113329166088e-05 
  39.80745634733365   6.401393526060079e-05 
  39.83081642284096   6.183727052125578e-05 
  39.85417649834828   5.970208689599782e-05 
  39.87753657385559    5.76092338562889e-05 
 39.900896649362906    5.55594640240557e-05 
  39.92425672487022  5.3553434886097694e-05 
  39.94761680037753  5.1591710708127835e-05 
  39.97097687588485   4.967476463480688e-05 
  39.99433695139217   4.780298096195018e-05 
 40.017697026899484   4.597665756695751e-05 
 40.041057102406796   4.419600848346956e-05 
  40.06441717791411  4.2461166606259895e-05 
  40.08777725342142   4.077218651242504e-05 
  40.11113732892874  3.9129047385062255e-05 
 40.134497404436054  3.7531656025800195e-05 
 40.157857479943374   3.597984994275577e-05 
  40.18121755545069   3.447340050078565e-05 
    40.204577630958  3.3012016121186785e-05 
  40.22793770646531   3.159534551838445e-05 
 40.251297781972625  3.0222980961518338e-05 
 40.274657857479944  2.8894461549277145e-05 
  40.29801793298726  2.7609276486788836e-05 
  40.32137800849458  2.6366868353853214e-05 
  40.34473808400189  2.5166636354328125e-05 
   40.3680981595092  2.4007939536991158e-05 
 40.391458235016515  2.2890099978766547e-05 
  40.41481831052383    2.18124059217522e-05 
  40.43817838603115   2.077411485606156e-05 
  40.46153846153846  1.9774456541073674e-05 
  40.48489853704578  1.8812635958259607e-05 
  40.50825861255309  1.7887836189352095e-05 
 40.531618688060405  1.6999221214189895e-05 
  40.55497876356772  1.6145938623162496e-05 
  40.57833883907503  1.5327122239740124e-05 
  40.60169891458235  1.4541894649142458e-05 
  40.62505899008967  1.3789369629748502e-05 
  40.64841906559698  1.3068654484383822e-05 
 40.671779141104295  1.2378852269147965e-05 
  40.69513921661161  1.1719063917946706e-05 
  40.71849929211892  1.1088390261379326e-05 
  40.74185936762624   1.048593393909774e-05 
  40.76521944313355   9.910801205201303e-06 
  40.78857951864087    9.36210362664911e-06 
 40.811939594148186    8.83895967507936e-06 
   40.8352996696555   8.340496212792594e-06 
  40.85865974516281     7.8658498740173e-06 
  40.88201982067012   7.414168342897571e-06 
  40.90537989617744   6.984611529949514e-06 
 40.928739971684756   6.576352649012066e-06 
 40.952100047192076   6.188579196969171e-06 
  40.97546012269939   5.820493838755876e-06 
   40.9988201982067   5.471315200359783e-06 
 41.022180273714014   5.140278572718507e-06 
 41.045540349221326  4.8266365295679055e-06 
 41.068900424728646  4.5296594624352755e-06 
  41.09226050023596   4.248636036086344e-06 
  41.11562057574328   3.982873567827145e-06 
  41.13898065125059   3.731698334139331e-06 
 41.162340726757904  3.4944558081771154e-06 
  41.18570080226522  3.2705108316950014e-06 
  41.20906087777253  3.0592477249907378e-06 
  41.23242095327985   2.860070338452088e-06 
  41.25578102878717   2.672402049283003e-06 
  41.27914110429448  2.4956857069566328e-06 
 41.302501179801794   2.329383530903122e-06 
  41.32586125530911  2.1729769638875785e-06 
  41.34922133081642  2.0259664844686923e-06 
  41.37258140632373   1.887871381855789e-06 
  41.39594148183105   1.758229496398409e-06 
  41.41930155733837  1.6365969288520266e-06 
 41.442661632845684  1.5225477214645572e-06 
    41.466021708353  1.4156735138248468e-06 
  41.48938178386031   1.315583176304466e-06 
  41.51274185936762   1.221902423809986e-06 
  41.53610193487494  1.1342734124458275e-06 
 41.559462010382255  1.0523543215677137e-06 
 41.582822085889575   9.758189235841105e-07 
  41.60618216139689   9.043561437408177e-07 
   41.6295422369042    8.37669611998645e-07 
  41.65290231241151   7.754772089916209e-07 
 41.676262387918825   7.175106079290705e-07 
 41.699622463426145   6.635148141834397e-07 
  41.72298253893346   6.132477041853466e-07 
  41.74634261444078   5.664795651289065e-07 
  41.76970268994809   5.229926368752966e-07 
   41.7930627654554   4.825806573289667e-07 
 41.816422840962716  4.4504841245206703e-07 
  41.83978291647003   4.102112919759632e-07 
  41.86314299197735  3.7789485176659857e-07 
  41.88650306748466  3.4793438370187054e-07 
  41.90986314299198   3.201744938245405e-07 
  41.93322321849929   2.944686894443527e-07 
 41.956583294006606  2.7067897577646994e-07 
  41.97994336951392   2.486754626222688e-07 
  42.00330344502124  2.2833598152088304e-07 
  42.02666352052855  2.0954571372730035e-07 
 42.050023596035864  1.9219682930418046e-07 
  42.07338367154318  1.7618813755070399e-07 
 42.096743747050496  1.6142474893180214e-07 
  42.12010382255781  1.4781774861559628e-07 
  42.14346389806512  1.3528388167562196e-07 
  42.16682397357244   1.237452499668682e-07 
 42.190184049079754  1.1312902064138578e-07 
  42.21354412458707  1.0336714622947106e-07 
 42.236904200094386   9.439609617660998e-08 
   42.2602642756017   8.615659969382055e-08 
  42.28362435110901   7.859339975000651e-08 
  42.30698442661633   7.165501800914573e-08 
 42.330344502123644   6.529353049230564e-08 
  42.35370457763096  5.9464353724617415e-08 
  42.37706465313827  5.4126041110256235e-08 
  42.40042472864559   4.924008926388424e-08 
   42.4237848041529   4.477075401491793e-08 
 42.447144879660215   4.068487579109945e-08 
 42.470504955167534  3.6951714080135385e-08 
  42.49386503067485  3.3542790662335445e-08 
  42.51722510618216  3.0431741303186415e-08 
  42.54058518168948  2.7594175592496306e-08 
  42.56394525719679   2.500754461588598e-08 
 42.587305332704105  2.2651016144978186e-08 
  42.61066540821142  2.0505357034468204e-08 
  42.63402548371874  1.8552822517172662e-08 
  42.65738555922605  1.6777052092124576e-08 
  42.68074563473336  1.5162971705604785e-08 
  42.70410571024068  1.3696701930655513e-08 
 42.727465785747995  1.2365471856917244e-08 
  42.75082586125531  1.1157538409544524e-08 
  42.77418593676262    1.00621108233772e-08 
  42.79754601226994    9.06928000635838e-09 
  42.82090608777725   8.169952534374782e-09 
 42.844266163284566  7.3557890281287205e-09 
 42.867626238791885   6.619146671309727e-09 
   42.8909863142992   5.953025638117274e-09 
  42.91434638980651   5.351019207069678e-09 
  42.93770646531383   4.807267346960273e-09 
  42.96106654082114    4.31641356972951e-09 
 42.984426616328456    3.87356485389006e-09 
  43.00778669183577   3.474254450928764e-09 
  43.03114676734309   3.114407395770516e-09 
   43.0545068428504   2.790308550915232e-09 
 43.077866918357714  2.4985730222080484e-09 
  43.10122699386503  2.2361187923683386e-09 
 43.124587069372346  2.0001414263519218e-09 
  43.14794714487966  1.7880907103495355e-09 
  43.17130722038697  1.5976490937174072e-09 
  43.19466729589429  1.4267118103770588e-09 
 43.218027371401604   1.273368563212807e-09 
  43.24138744690892   1.135886661723415e-09 
 43.264747522416236   1.012695509651291e-09 
  43.28810759792355   9.023723455116463e-10 
  43.31146767343086   8.036291448780835e-10 
  43.33482774893818   7.153005989516764e-10 
 43.358187824445494   6.363330893463233e-10 
  43.38154789995281    5.65774584171678e-10 
  43.40490797546012   5.027653853888552e-10 
  43.42826805096744   4.465296620576158e-10 
  43.45162812647475  3.9636770849507017e-10 
 43.474988201982065  3.5164887052943706e-10 
 43.498348277489384  3.1180508696719975e-10 
   43.5217083529967   2.763249971032257e-10 
  43.54506842850401  2.4474856860078346e-10 
  43.56842850401133  2.1666220335915292e-10 
  43.59178857951864    1.91694282078256e-10 
 43.615148655025955   1.695111111315301e-10 
  43.63850873053327  1.4981323807824389e-10 
  43.66186880604059  1.3233210469222141e-10 
   43.6852288815479  1.1682700876463408e-10 
  43.70858895705521  1.0308234816149004e-10 
  43.73194903256253   9.090512269031422e-11 
 43.755309108069845   8.012267126244357e-11 
  43.77866918357716   7.058062363552486e-11 
  43.80202925908447   6.214104769247693e-11 
  43.82538933459179   5.468077476530541e-11 
   43.8487494100991    4.80898869521366e-11 
 43.872109485606416   4.227035170998453e-11 
 43.895469561113735   3.713479024087598e-11 
  43.91882963662105   3.260536733089179e-11 
  43.94218971212836  2.8612791356634618e-11 
  43.96554978763568  2.5095414147161998e-11 
  43.98890986314299  2.1998421286836068e-11 
 44.012269938650306  1.9273104271090345e-11 
  44.03563001415762  1.6876206687623803e-11 
  44.05899008966494  1.4769337294519224e-11 
  44.08235016517225  1.2918443508741729e-11 
 44.105710240679564  1.1293339407382793e-11 
  44.12907031618688   9.867282883843645e-12 
 44.152430391694196   8.616597095454625e-12 
  44.17579046720151   7.520331791278265e-12 
  44.19915054270882   6.559960522239658e-12 
  44.22251061821614   5.719110113225457e-12 
 44.245870693723454   4.983319121255564e-12 
  44.26923076923077   4.339822317824572e-12 
 44.292590844738086   3.777358519513493e-12 
   44.3159509202454    3.28599935121975e-12 
  44.33931099575271  2.8569967629834933e-12 
  44.36267107126003   2.482647336352292e-12 
 44.386031146767344   2.156171611331063e-12 
  44.40939122227466   1.871606841906519e-12 
  44.43275129778197  1.6237117484676915e-12 
  44.45611137328929  1.4078819805956113e-12 
   44.4794714487966  1.2200751350061516e-12 
 44.502831524303915  1.0567442921113011e-12 
 44.526191599811234   9.147791418503674e-13 
  44.54955167531855   7.914538661604901e-13 
  44.57291175082586   6.843810326626578e-13 
  44.59627182633318   5.914708327051544e-13 
  44.61963190184049   5.108950676277732e-13 
 44.642991977347805   4.410553507231583e-13 
  44.66635205285512  3.8055504954376174e-13 
  44.68971212836244    3.28174544544186e-13 
  44.71307220386975   2.828494261201726e-13 
  44.73643227937706   2.436512934132387e-13 
  44.75979235488438   2.097708552596235e-13 
 44.783152430391695   1.805030667934398e-13 
  44.80651250589901  1.5523406485158008e-13 
  44.82987258140632   1.334296918197202e-13 
  44.85323265691364  1.1462542121970412e-13 
  44.87659273242095   9.841751945616514e-14 
 44.899952807928265   8.445529697263908e-14 
 44.923312883435585   7.243431884984086e-14 
   44.9466729589429    6.20904598225962e-14 
  44.97003303445021  5.3194701988896976e-14 
  44.99339310995753   4.554858530734466e-14 
  45.01675318546484    3.89802314831657e-14 
 45.040113260972156    3.33408711685314e-14 
  45.06347333647947   2.850181267609174e-14 
  45.08683341198679  2.4351797738623633e-14 
   45.1101934874941   2.079469634459228e-14 
  45.13355356300141   1.774749843035491e-14 
  45.15691363850873  1.5138565296799577e-14 
 45.180273714016046  1.2906108114625288e-14 
  45.20363378952336  1.0996864854046492e-14 
  45.22699386503067    9.36495048013766e-15 
  45.25035394053799   7.970858346760001e-15 
 45.273714016045304   6.780593446978283e-15 
 45.297074091552616  5.7649205778024044e-15 
 45.320434167059936   4.898712589290089e-15 
  45.34379424256725   4.160385745652692e-15 
  45.36715431807456   3.531410858575134e-15 
  45.39051439358188  2.9958902867349692e-15 
 45.413874469089194  2.5401921537850804e-15 
  45.43723454459651  2.1526342405736258e-15 
  45.46059462010382   1.823210974466622e-15 
  45.48395469561114  1.5433577855715537e-15 
  45.50731477111845   1.305747840863704e-15 
 45.530674846625764  1.1041168154245248e-15 
 45.554034922133084   9.331119264959756e-16 
   45.5773949976404   7.881619507869067e-16 
  45.60075507314771    6.65365377234062e-16 
  45.62411514865503   5.613942239748591e-16 
  45.64747522416234   4.734113764618175e-16 
 45.670835299669655  3.9899958946373063e-16 
  45.69419537517697  3.3610054445188507e-16 
  45.71755545068429  2.8296257021628253e-16 
   45.7409155261916   2.380958225939871e-16 
  45.76427560169891   2.002338825094903e-16 
  45.78763567720623  1.6830087328090868e-16 
 45.810995752713545  1.4138332109771192e-16 
  45.83435582822086  1.1870608914870517e-16 
  45.85771590372817   9.961180819230321e-17 
  45.88107597923549   8.354330626819501e-17 
   45.9044360547428   7.002860937208446e-17 
 45.927796130250115   5.866814466783226e-17 
 45.951156205757435   4.912382943023772e-17 
  45.97451628126475   4.110977347363111e-17 
  45.99787635677206  3.4384361265933235e-17 
  46.02123643227938   2.874351307252118e-17 
  46.04459650778669  2.4014953030450832e-17 
 46.067956583294006  2.0053336640526072e-17 
  46.09131665880132  1.6736111319935782e-17 
  46.11467673430864  1.3960001848542772e-17 
  46.13803680981595  1.1638028172772779e-17 
  46.16139688532326   9.696976453541992e-18 
  46.18475696083058     8.0752557632981e-18 
 46.208117036337896   6.721082715500487e-18 
  46.23147711184521   5.590944775824876e-18 
  46.25483718735252   4.648300255210107e-18 
  46.27819726285984   3.862479190867753e-18 
 46.301557338367154     3.2077546296921e-18 
 46.324917413874466  2.6625583659826956e-18 
 46.348277489381786   2.208819061463865e-18 
   46.3716375648891   1.831403984486325e-18 
  46.39499764039641  1.5176484281985795e-18 
  46.41835771590373  1.2569592741981286e-18 
 46.441717791411044  1.0404812187314924e-18 
  46.46507786691836   8.608159244986714e-19 
  46.48843794242567   7.117858468035811e-19 
  46.51179801793299   5.882357461662982e-19 
   46.5351580934403   4.858659731562832e-19 
 46.558518168947614   4.010925230168466e-19 
 46.581878244454934  3.3092963153257414e-19 
  46.60523831996225  2.7289133998003936e-19 
  46.62859839546956   2.249090133837571e-19 
  46.65195847097687  1.8526226760734972e-19 
  46.67531854648419   1.525211597964558e-19 
 46.698678621991505  1.2549783423839659e-19 
  46.72203869749882  1.0320610109145072e-19 
  46.74539877300614   8.482766657092106e-20 
  46.76875884851345   6.968393679188654e-20 
  46.79211892402076   5.721248928934247e-20 
  46.81547899952808   4.694745113730766e-20 
 46.838839075035395  3.8503144709013233e-20 
  46.86219915054271   3.156046497730151e-20 
  46.88555922605002  2.5855538831388405e-20 
  46.90891930155734  2.1170289713801813e-20 
  46.93227937706465   1.732459210471996e-20 
 46.955639452571965   1.416975181639304e-20 
 46.978999528079285  1.1583091245641776e-20 
   47.0023596035866   9.463454967881136e-21 
  47.02571967909391   7.727481441197088e-21 
  47.04907975460123   6.306512052213603e-21 
  47.07243983010854   5.144030060673364e-21 
 47.095799905615856   4.193539848125224e-21 
  47.11915998112317   3.416811805340321e-21 
  47.14252005663049  2.7824306726623362e-21 
   47.1658801321378  2.2645955729208607e-21 
  47.18924020764511  1.8421286804399492e-21 
  47.21260028315243  1.4976567318139882e-21 
 47.235960358659746  1.2169356395297344e-21 
  47.25932043416706   9.882935155742493e-22 
  47.28268050967437  8.0217161450506165e-22 
  47.30604058518169   6.507462029669469e-22 
 47.329400660689004   5.276172717341314e-22 
 47.352760736196316   4.275524245232465e-22 
 47.376120811703636  3.4627628666674876e-22 
  47.39948088721095   2.802974445057888e-22 
  47.42284096271826  2.2676631011334263e-22 
  47.44620103822558    1.83358453347586e-22 
 47.469561113732894  1.4817889404810292e-22 
  47.49292118924021  1.1968363461643292e-22 
  47.51628126474752   9.661536494031027e-23 
  47.53964134025484   7.795081068378891e-23 
  47.56300141576215   6.285764157326788e-23 
 47.586361491269464    5.06592244363849e-23 
 47.609721566776784  4.0805809682716595e-23 
   47.6330816422841  3.2850990691798914e-23 
  47.65644171779141  2.6432482365127402e-23 
  47.67980179329872  2.1256435514593542e-23 
  47.70316186880604  1.7084644112575737e-23 
 47.726521944313355  1.3724117951495758e-23 
  47.74988201982067   1.101858828740058e-23 
  47.77324209532799   8.841592161731086e-24 
   47.7966021708353   7.090845276589015e-24 
  47.81996224634261    5.68366599639199e-24 
  47.84332232184993  4.5532562910305295e-24 
 47.866682397357245   3.645680897389991e-24 
  47.89004247286456   2.917415039613323e-24 
  47.91340254837187  2.3333548536351084e-24 
  47.93676262387919  1.8652041478048726e-24 
   47.9601226993865  1.4901670727168129e-24 
 47.983482774893815  1.1898893066323065e-24 
 48.006842850401135   9.496010121484775e-25 
  48.03020292590845   7.574235158087051e-25 
  48.05356300141576   6.038087591179041e-25 
  48.07692307692308    4.81086357522481e-25 
  48.10028315243039  3.8309782180039538e-25 
 48.123643227937706   3.049013395377702e-25 
  48.14700330344502   2.425336432016252e-25 
  48.17036337895234  1.9281803700549807e-25 
  48.19372345445965  1.5320972474397942e-25 
  48.21708352996696  1.2167126291745354e-25 
  48.24044360547428   9.657232962189475e-26 
 48.263803680981596   7.660910852800175e-26 
  48.28716375648891   6.073948673916758e-26 
  48.31052383199622   4.813099449633535e-26 
  48.33388390750354   3.811900547210947e-26 
 48.357243983010854    3.01731947491836e-26 
 48.380604058518166  2.3870638668985081e-26 
 48.403964134025486    1.88742537886876e-26 
   48.4273242095328   1.491552520718823e-26 
  48.45068428504011  1.1780678901818575e-26 
  48.47404436054743   9.299617709071281e-27 
 48.497404436054744   7.337073695913157e-27 
  48.52076451156206   5.785536998269461e-27 
  48.54412458706937  4.5596076921267706e-27 
  48.56748466257669   3.591486915543277e-27 
    48.590844738084  2.8273795204533792e-27 
 48.614204813591314   2.224625626885197e-27 
 48.637564889098634   1.749414702807961e-27 
  48.66092496460595  1.3749649170214096e-27 
  48.68428504011326   1.080073897295303e-27 
  48.70764511562057    8.47965791180166e-28 
  48.73100519112789   6.653745761281687e-28 
 48.754365266635205   5.218156274564779e-28 
  48.77772534214252   4.090072144754824e-28 
  48.80108541764984   3.204113297609669e-28 
  48.82444549315715   2.508694447620441e-28 
  48.84780556866446  1.9631373295359338e-28 
  48.87116564417178  1.5353825575573688e-28 
 48.894525719679095     1.2001776425795e-28 
  48.91788579518641   9.376429022950813e-29 
  48.94124587069372   7.321371042098446e-29 
  48.96460594620104   5.713607097407088e-29 
  48.98796602170835  4.4564735780298354e-29 
 49.011326097215665   3.474043947838464e-29 
 49.034686172722985  2.7067134981854287e-29 
   49.0580462482303  2.1077169003530844e-29 
  49.08140632373761  1.6403830588987637e-29 
  49.10476639924493  1.2759724031714817e-29 
  49.12812647475224   9.919740155633714e-30 
 49.151486550259555   7.707655923918989e-30 
  49.17484662576687  5.9855953117942116e-30 
  49.19820670127419   4.645745241361511e-30 
   49.2215667767815    3.60384778288967e-30 
  49.24492685228881  2.7940906770242996e-30 
  49.26828692779613  2.1650980143115713e-30 
 49.291647003303446  1.6767859861715137e-30 
  49.31500707881076  1.2978984630067133e-30 
  49.33836715431807  1.0040765147107777e-30 
  49.36172722982539  7.7634705251967295e-31 
   49.3850873053327    5.99940273034762e-31 
 49.408447380840016   4.633649000210027e-31 
 49.431807456347336   3.576854364134241e-31 
  49.45516753185465  2.7595762022326027e-31 
  49.47852760736196  2.1278770615844328e-31 
  49.50188768286928  1.6398860944925082e-31 
 49.525247758376594  1.2631177615446033e-31 
 49.548607833883906   9.723822205079141e-32 
  49.57196790939122   7.481577605820458e-32 
  49.59532798489854   5.753238386664914e-32 
  49.61868806040585   4.421753846173299e-32 
 49.642048135913164   3.396563697183179e-32 
 49.665408211420484   2.607642035189143e-32 
   49.6887682869278  2.0008714687374105e-32 
  49.71212836243511  1.5344523907962736e-32 
  49.73548843794242  1.1761173410378862e-32 
  49.75884851344974   9.009711757677166e-33 
 49.782208588957054   6.898174069985906e-33 
  49.80556866446437     5.2786201336123e-33 
  49.82892873997169  4.0371015981209464e-33 
    49.852288815479   3.085900769053132e-33 
  49.87564889098631  2.3575300807201257e-33 
  49.89900896649363   1.800095463376504e-33 
 49.922369042000945  1.3737156326642857e-33 
  49.94572911750826   1.047758401785948e-33 
  49.96908919301557    7.98708804939246e-34 
  49.99244926852289   6.085255263125993e-34 
   50.0158093440302    4.63374507749446e-34 
 50.039169419537515  3.5265373120160794e-34 
 50.062529495044835   2.682426538964281e-34 
  50.08588957055215  2.0392487261133815e-34 
  50.10924964605946  1.5494428799688548e-34 
  50.13260972156678  1.1766409263813325e-34 
  50.15596979707409   8.930491019000015e-35 
 50.179329872581405   6.774382812643175e-35 
  50.20268994808872     5.1360251227029e-35 
  50.22605002359604  3.8917734666325596e-35 
  50.24941009910335  2.9473449982575284e-35 
  50.27277017461066  2.2308861386899698e-35 
  50.29613025011798  1.6876673321754486e-35 
 50.319490325625296  1.2760253175094575e-35 
  50.34285040113261   9.642613224617185e-36 
  50.36621047663992    7.28271326785358e-36 
  50.38957055214724    5.49736640659402e-36 
  50.41293062765455  4.1474309620367245e-36 
 50.436290703161866   3.127279192668659e-36 
 50.459650778669186  2.3567697409734502e-36 
   50.4830108541765  1.7751320297120726e-36 
  50.50637092968381  1.3363098681426975e-36 
  50.52973100519113  1.0054180997817586e-36 
 50.553091080698444   7.560477607393143e-37 
 50.576451156205756   5.682177186376467e-37 
  50.59981123171307  4.2681858462363104e-37 
  50.62317130722039   3.204312610648644e-37 
   50.6465313827277  2.4043043662195005e-37 
 50.669891458235014   1.803046884278763e-37 
 50.693251533742334  1.3514114768997858e-37 
  50.71661160924965  1.0123511824573586e-37 
  50.73997168475696   7.579451783635118e-38 
  50.76333176026427   5.671623628219939e-38 
  50.78669183577159   4.241700693396859e-38 
 50.810051911278904  3.1705575872444125e-38 
  50.83341198678622  2.3686139338381404e-38 
  50.85677206229354   1.768544216230275e-38 
  50.88013213780085  1.3197770539004647e-38 
  50.90349221330816   9.843470243875966e-39 
  50.92685228881548   7.337682242690576e-39 
 50.950212364322795    5.46679234009487e-39 
  50.97357243983011   4.070701546474537e-39 
  50.99693251533742   3.029486040135891e-39 
  51.02029259084474  2.2533655868217358e-39 
  51.04365266635205   1.675164141467104e-39 
 51.067012741859365  1.2446466852239988e-39 
 51.090372817366685    9.24267780894112e-40 
    51.113732892874   6.859817314653479e-40 
  51.13709296838131   5.088506040686643e-40 
  51.16045304388863   3.772515625330614e-40 
  51.18381311939594  2.7953410907489943e-40 
 51.207173194903255   2.070148872415337e-40 
  51.23053327041057  1.5322560918490118e-40 
  51.25389334591789  1.1335068355173519e-40 
   51.2772534214252   8.380693130429169e-41 
  51.30061349693251   6.192966666846112e-41 
  51.32397357243983  4.5738356446571414e-41 
 51.347333647947146  3.3761783097046027e-41 
  51.37069372345446  2.4907675819744287e-41 
  51.39405379896177  1.8365554375201496e-41 
  51.41741387446909   1.353436512366907e-41 
   51.4407739499764   9.968613159523564e-42 
 51.464134025483716   7.338285535454404e-42 
 51.487494100991036    5.39905159753436e-42 
  51.51085417649835   3.970117478901275e-42 
  51.53421425200566  2.9177780086403846e-42 
  51.55757432751298  2.1432071219130724e-42 
 51.580934403020294  1.5733996504522198e-42 
 51.604294478527606  1.1544548787429292e-42 
  51.62765455403492   8.465992628045663e-43 
  51.65101462954224    6.20500044532318e-43 
  51.67437470504955   4.545364927093033e-43 
 51.697734780556864  3.3278113952046285e-43 
 51.721094856064184  2.4350711819827403e-43 
   51.7444549315715  1.7808511702477259e-43 
  51.76781500707881  1.3016870956765398e-43 
  51.79117508258612   9.509300715195884e-44 
  51.81453515809344   6.943102422238896e-44 
 51.837895233600754   5.066657771765783e-44 
  51.86125530910807  3.6953244727836164e-44 
  51.88461538461539   2.693683673986111e-44 
   51.9079754601227  1.9624726751253008e-44 
  51.93133553563001  1.4289717770897394e-44 
  51.95469561113733  1.0399361916401147e-44 
 51.978055686644645   7.564021289568645e-45 
  52.00141576215196   5.498722472698073e-45 
  52.02477583765927   3.995157156018213e-45 
  52.04813591316659  2.9011417097973956e-45 
   52.0714959886739  2.1055571161031216e-45 
 52.094856064181215   1.527313248509767e-45 
 52.118216139688535  1.1072666506676814e-45 
  52.14157621519585    8.02304686412314e-46 
  52.16493629070316    5.81017812223329e-46 
  52.18829636621048   4.205354126377599e-46 
  52.21165644171779   3.042136575551142e-46 
 52.235016517225105  2.1994690280895155e-46 
  52.25837659273242  1.5893516696561319e-46 
  52.28173666823974   1.147850063654241e-46 
  52.30509674374705  8.2853971628659775e-47 
  52.32845681925436   5.977292496818241e-47 
  52.35181689476168   4.309815651701102e-47 
 52.375176970268996  3.1058171812103363e-47 
  52.39853704577631   2.236949040864503e-47 
  52.42189712128362  1.6102722241229775e-47 
  52.44525719679094  1.1585252971382243e-47 
  52.46861727229825   8.330570601302525e-48 
 52.491977347805566    5.98696867577937e-48 
 52.515337423312886  4.3003344264284256e-48 
   52.5386974988202   3.087169567358985e-48 
  52.56205757432751  2.2150408829200274e-48 
  52.58541764983483  1.5884224511478543e-48 
 52.608777725342144  1.1384482551647344e-48 
 52.632137800849456    8.15499282470975e-49 
  52.65549787635677   5.838440776204021e-49 
  52.67885795186409   4.177660881997344e-49 
   52.7022180273714  2.9876691074115308e-49 
 52.725578102878714  2.1354766048108008e-49 
 52.748938178386034  1.5255278753998285e-49 
  52.77229825389335   1.089202140409029e-49 
  52.79565832940066   7.772483932860267e-50 
  52.81901840490797   5.543374098864344e-50 
  52.84237848041529   3.951405064007786e-50 
 52.865738555922604   2.815087668728709e-50 
  52.88909863142992  2.0044503586848308e-50 
  52.91245870693724  1.4264668861670454e-50 
  52.93581878244455  1.0145912024250943e-50 
  52.95917885795186   7.212461342842073e-51 
  52.98253893345918   5.124351512614748e-51 
 53.005899008966495  3.6387928811321094e-51 
  53.02925908447381   2.582490711120952e-51 
  53.05261915998112  1.8318217373653492e-51 
  53.07597923548844  1.2986456255567806e-51 
  53.09933931099575   9.201552621927086e-52 
 53.122699386503065   6.516202614144743e-52 
 53.146059462010385  4.6120186400833026e-52 
   53.1694195375177   3.262500121352051e-52 
  53.19277961302501   2.306603929769363e-52 
  53.21613968853233  1.6298908706514628e-52 
  53.23949976403964  1.1510840476284908e-52 
 53.262859839546955   8.124909866107393e-53 
  53.28621991505427    5.73182703919569e-53 
  53.30957999056159   4.041388584456031e-53 
   53.3329400660689  2.8479420788089267e-53 
  53.35630014157621   2.005832680665407e-53 
  53.37966021708353  1.4119563207366944e-53 
 53.403020292590845   9.933695180875443e-54 
  53.42638036809816   6.984951667240285e-54 
  53.44974044360547   4.908841276760237e-54 
  53.47310051911279   3.447923192443669e-54 
   53.4964605946201  2.4204671012523065e-54 
 53.519820670127416  1.6982584885240125e-54 
 53.543180745634736  1.1908893527274995e-54 
  53.56654082114205   8.346454674730981e-55 
  53.58990089664936   5.846496239222693e-55 
  53.61326097215668    4.09309965432749e-55 
  53.63662104766399   2.863993123147179e-55 
 53.659981123171306   2.002878624665454e-55 
  53.68334119867862  1.3999105966740077e-55 
  53.70670127418594   9.779327236119812e-56 
  53.73006134969325   6.827798015167676e-56 
 53.753421425200564   4.764478371359477e-56 
 53.776781500707884   3.322867798271041e-56 
 53.800141576215196   2.316187826811597e-56 
  53.82350165172251  1.6136059810548843e-56 
  53.84686172722982  1.1235288369688348e-56 
  53.87022180273714   7.818689398081288e-57 
 53.893581878244454   5.438093953064384e-57 
  53.91694195375177   3.780266874684714e-57 
  53.94030202925909   2.626402138640748e-57 
   53.9636621047664  1.8237402978428834e-57 
  53.98702218027371  1.2656912394346606e-57 
  54.01038225578103   8.779212520427976e-58 
 54.033742331288344  6.0862019494042225e-58 
  54.05710240679566   4.216966625617922e-58 
  54.08046248230297  2.9202294568401715e-58 
  54.10382255781029  2.0211418722478524e-58 
   54.1271826333176   1.398104488665487e-58 
 54.150542708824915   9.665970582137597e-59 
 54.173902784332235   6.679044185363235e-59 
  54.19726285983955   4.612604013505011e-59 
  54.22062293534686  3.1837652413004203e-59 
  54.24398301085418  2.1963366567745466e-59 
  54.26734308636149  1.5143274382354562e-59 
 54.290703161868805   1.043526978337558e-59 
  54.31406323737612   7.187048569551927e-60 
  54.33742331288344   4.947211605539561e-60 
  54.36078338839075  3.4035599301289876e-60 
  54.38414346389806  2.3402881089885117e-60 
  54.40750353940538  1.6083044305500315e-60 
 54.430863614912695  1.1046639954577894e-60 
  54.45422369042001   7.583246066800993e-61 
  54.47758376592732   5.202871577631355e-61 
  54.50094384143464  3.5677471891628725e-61 
  54.52430391694195   2.445164306136421e-61 
 54.547663992449266    1.67488514504835e-61 
 54.571024067956586  1.1466345469460962e-61 
   54.5943841434639   7.845633609415487e-62 
  54.61774421897121   5.365300259227869e-62 
  54.64110429447853  3.6671024958594118e-62 
  54.66446436998584  2.5050423615647337e-62 
 54.687824445493156  1.7102913869017006e-62 
  54.71118452100047   1.167046475252429e-62 
  54.73454459650779   7.959196052283809e-63 
   54.7579046720151   5.425168882801424e-63 
 54.781264747522414  3.6959010062521836e-63 
 54.804624823029734  2.5164621748275153e-63 
 54.827984898537046  1.7124720502281914e-63 
  54.85134497404436  1.1647147771814266e-63 
  54.87470504955167   7.917328917558609e-64 
  54.89806512505899  5.3789907594996996e-64 
 54.921425200566304   3.652463774619018e-64 
  54.94478527607362   2.478757520203613e-64 
  54.96814535158094  1.6812998755466023e-64 
  54.99150542708825  1.1397755208902742e-64 
  55.01486550259556   7.722474418559889e-65 
  55.03822557810288  5.2294575240215525e-65 
 55.061585653610194  3.5393198334944114e-65 
  55.08494572911751  2.3941204055321744e-65 
  55.10830580462482  1.6185837472301672e-65 
  55.13166588013214  1.0936726977482302e-65 
  55.15502595563945   7.385885564814617e-66 
 55.178386031146765    4.98517934450825e-66 
 55.201746106654085   3.362962370014853e-66 
   55.2251061821614   2.267390053490589e-66 
  55.24846625766871  1.5278948780296787e-66 
  55.27182633317603  1.0290197762617932e-66 
  55.29518640868334   6.926550041615014e-67 
 55.318546484190655    4.65986397500916e-67 
  55.34190655969797   3.133231696266885e-67 
  55.36526663520529  2.1055947620406544e-67 
   55.3886267107126  1.4142301128677657e-67 
  55.41198678621991   9.493544219011857e-68 
  55.43534686172723   6.369417009474125e-68 
 55.458706937234545   4.271043528302158e-68 
  55.48206701274186  2.8624065714614282e-68 
  55.50542708824917   1.917306971778681e-68 
  55.52878716375649   1.283556502394515e-68 
   55.5521472392638   8.588183976097072e-69 
 55.575507314771116   5.743157096227386e-69 
 55.598867390278436  3.8385134006957126e-69 
  55.62222746578575  2.5641205229804166e-69 
  55.64558754129306  1.7118937913921284e-69 
  55.66894761680038  1.1422948201746334e-69 
  55.69230769230769   7.618028736159745e-70 
 55.715667767815006  5.0777347920444985e-70 
  55.73902784332232   3.382676218475926e-70 
  55.76238791882964  2.2522357858445165e-70 
  55.78574799433695  1.4987537672221797e-70 
 55.809108069844264   9.968039017301751e-71 
 55.832468145351584    6.62601140769173e-71 
 55.855828220858896   4.402077029242884e-71 
  55.87918829636621   2.922981756145848e-71 
  55.90254837187352  1.9398027923545574e-71 
  55.92590844738084  1.2866252320378314e-71 
 55.949268522888154   8.529224711987384e-72 
  55.97262859839547    5.65106180888608e-72 
  55.99598867390279   3.742084299868044e-72 
   56.0193487494101  2.4766240430514854e-72 
  56.04270882491741  1.6382101451259755e-72 
  56.06606890042473  1.0830341376429737e-72 
 56.089428975932044   7.156121231346168e-73 
  56.11278905143936  4.7258098279858826e-73 
  56.13614912694667  3.1191610673822736e-73 
  56.15950920245399  2.0576067230020804e-73 
   56.1828692779613  1.3565941737536437e-73 
 56.206229353468615   8.939238682201528e-74 
 56.229589428975935   5.887272356524795e-74 
  56.25294950448325   3.875169741007192e-74 
  56.27630957999056  2.5493551524271413e-74 
  56.29966965549788  1.6762274996130236e-74 
  56.32302973100519  1.1015357318856205e-74 
 56.346389806512505   7.234811598502874e-75 
  56.36974988201982   4.749182636703583e-75 
  56.39310995752714   3.115828353391429e-75 
  56.41647003303445   2.043107354586279e-75 
  56.43983010854176    1.33897311741575e-75 
  56.46319018404908   8.770321963972294e-76 
 56.486550259556395    5.74145842657326e-76 
  56.50991033506371  3.7565737597939554e-76 
  56.53327041057102   2.456544440106938e-76 
  56.55663048607834  1.6055370730582022e-76 
  56.57999056158565  1.0487671114595924e-76 
 56.603350637092966  6.8470072824591715e-77 
 56.626710712600286   4.467715689772577e-77 
   56.6500707881076  2.9136224534875304e-77 
  56.67343086361491   1.899083370235797e-77 
  56.69679093912223  1.2371369968592188e-77 
  56.72015101462954   8.054796398828613e-78 
 56.743511090136856   5.241485010830427e-78 
  56.76687116564417  3.4089225762554573e-78 
  56.79023124115149   2.215863151699622e-78 
   56.8135913166588  1.4395665339825681e-78 
 56.836951392166114   9.347243508845086e-79 
 56.860311467673434   6.065943770260972e-79 
 56.883671543180746  3.9343791696844514e-79 
  56.90703161868806  2.5504514007931026e-79 
  56.93039169419537   1.652421744271747e-79 
  56.95375176970269  1.0700098079803705e-79 
 56.977111845210004   6.924965663653695e-80 
  57.00047192071732   4.479303594097357e-80 
  57.02383199622464    2.89578544852019e-80 
  57.04719207173195  1.8710494804270587e-80 
  57.07055214723926   1.208278846888831e-80 
  57.09391222274658   7.798518031859466e-81 
 57.117272298253894  5.0306024431193055e-81 
  57.14063237376121  3.2433283823925323e-81 
  57.16399244926852  2.0898968736133644e-81 
  57.18735252477584   1.345927908286108e-81 
  57.21071260028315    8.66326799069444e-82 
 57.234072675790465   5.573201024576402e-82 
 57.257432751297785  3.5833619343251197e-82 
   57.2807928268051  2.3027121476622252e-82 
  57.30415290231241  1.4789436827218018e-82 
  57.32751297781973   9.493506011462673e-83 
  57.35087305332704   6.090663854316661e-83 
 57.374233128834355   3.905401074156553e-83 
  57.39759320434167  2.5028202487567136e-83 
  57.42095327984899   1.603085503860561e-83 
   57.4443133553563  1.0262347641470624e-83 
  57.46767343086361   6.565983189398216e-84 
  57.49103350637093   4.198709415302359e-84 
 57.514393581878245  2.6834584796177537e-84 
  57.53775365738556  1.7141031358238875e-84 
  57.56111373289287  1.0943141814586262e-84 
  57.58447380840019   6.982486646429945e-85 
   57.6078338839075   4.452882226810208e-85 
 57.631193959414816  2.8381497867878114e-85 
 57.654554034922135   1.807975012975794e-85 
  57.67791411042945  1.1510986495635618e-85 
  57.70127418593676   7.324798351979588e-86 
  57.72463426144408   4.658453991811562e-86 
  57.74799433695139  2.9610855602971507e-86 
 57.771354412458706   1.881148630765749e-86 
  57.79471448796602  1.1944233189212024e-86 
  57.81807456347334   7.579777282557089e-87 
  57.84143463898065   4.807481533223814e-87 
 57.864794714487964   3.047486658029804e-87 
  57.88815478999528  1.9307631868591007e-87 
 57.911514865502596  1.2225854274526258e-87 
  57.93487494100991   7.737353313563081e-88 
  57.95823501651722  4.8940528044342393e-88 
  57.98159509202454    3.09391146314027e-88 
 58.004955167531854  1.9548350655701803e-88 
  58.02831524303917  1.2344552994068704e-88 
 58.051675318546486   7.791186935036241e-89 
   58.0750353940538   4.914675965499381e-89 
  58.09839546956111  3.0984833182990014e-89 
  58.12175554506843   1.952389412747767e-89 
 58.145115620575744   1.229551528504967e-89 
  58.16847569608306  7.7390924127242645e-90 
  58.19183577159037   4.868513063625215e-90 
  58.21519584709769  3.0610163916320965e-90 
    58.238555922605  1.9235256381490656e-90 
 58.261915998112315   1.208073371885492e-90 
 58.285276073619634   7.583185028130024e-91 
  58.30863614912695  4.7574365226296704e-91 
  58.33199622463426  2.9830282090254325e-91 
  58.35535630014157  1.8694107112514131e-91 
  58.37871637564889   1.170887316852333e-91 
 58.402076451156205   7.329738573876349e-92 
  58.42543652666352  4.5859031339805516e-92 
  58.44879660217084   2.867637674881393e-92 
  58.47215667767815   1.792200880639362e-92 
  58.49551675318546  1.1194690825963608e-92 
  58.51887682869278   6.988766484449436e-93 
 58.542236904200095   4.360657368087059e-93 
  58.56559697970741   2.719358132577784e-93 
  58.58895705521472   1.694899135461806e-93 
  58.61231713072204  1.0558064674218427e-93 
  58.63567720622935   6.573365578261418e-94 
 58.659037281736666   4.090291531851359e-94 
 58.682397357243985    2.54380460000599e-94 
   58.7057574327513   1.581161540062241e-94 
  58.72911750825861   9.822719543500878e-95 
  58.75247758376593   6.098882340712254e-95 
  58.77583765927324    3.78470273707825e-95 
 58.799197734780556  2.3473416350703917e-95 
  58.82255781028787  1.4550698373033495e-95 
  58.84591788579519    9.01476443861722e-96 
   58.8692779613025  5.5819756284811966e-96 
 58.892638036809814  3.4544944367960626e-96 
  58.91599811231713  2.1367025472422005e-96 
 58.939358187824446  1.3208899819502816e-96 
  58.96271826333176   8.161166410945983e-97 
  58.98607833883907    5.03965525660766e-97 
  59.00943841434639  3.1103727121564605e-97 
 59.032798489853704  1.9186115106541078e-97 
  59.05615856536102  1.1828363616167473e-97 
 59.079518640868336   7.288284150301209e-98 
  59.10287871637565   4.488372928471709e-98 
  59.12623879188296  2.7625845634519635e-98 
  59.14959886739028  1.6994376507884943e-98 
 59.172958942897594  1.0448595084048634e-98 
  59.19631901840491   6.420569792593413e-99 
  59.21967909391222   3.943231292635127e-99 
  59.24303916941954   2.420437877263958e-99 
  59.26639924492685  1.4849048918106408e-99 
 59.289759320434165  9.104714748802745e-100 
 59.313119395941484  5.579522821228101e-100 
   59.3364794714488 3.4173603887305617e-100 
  59.35983954695611 2.0919317551839255e-100 
  59.38319962246342 1.2798741050863073e-100 
  59.40655969797074  7.826183033485302e-101 
 59.429919773478055  4.782949081698818e-101 
  59.45327984898537  2.921490798430604e-101 
  59.47663992449269 1.7835130711456367e-101 
               59.5 1.0882059065899728e-101 
