|bandpass_frequency|      bandpass_weights|
|            double|                double|
|               GHz|                      |
|              null|                  null|
               10.0 2.3808562992618876e-60 
 10.023360075507314  3.462472979162532e-60 
 10.046720151014629  5.032718168747323e-60 
 10.070080226521945  7.311085064256481e-60 
  10.09344030202926 1.0615099557078594e-59 
 10.116800377536574 1.5403851207375185e-59 
 10.140160453043888 2.2340740635264826e-59 
 10.163520528551203  3.238387592377596e-59 
 10.186880604058517  4.691622879815407e-59 
 10.210240679565834 6.7932934111875175e-59 
 10.233600755073148  9.831067057090304e-59 
 10.256960830580462 1.4219487786958556e-58 
 10.280320906087777  2.055560460162814e-58 
 10.303680981595091   2.96988454490136e-58 
 10.327041057102408  4.288563904402986e-58 
 10.350401132609722  6.189380952003062e-58 
 10.373761208117037  8.927822570596573e-58 
 10.397121283624351 1.2870840122790296e-57 
 10.420481359131665 1.8545188381467096e-57 
  10.44384143463898   2.67066005833839e-57 
 10.467201510146296 3.8438725705792207e-57 
  10.49056158565361  5.529455417525284e-57 
 10.513921661160925  7.949846594654121e-57 
  10.53728173666824 1.1423472598697511e-56 
 10.560641812175554 1.6405918462117895e-56 
  10.58400188768287 2.3548647116973804e-56 
 10.607361963190185   3.37827020698773e-56 
 10.630722038697499  4.843795652677386e-56 
 10.654082114204813  6.941290996342756e-56 
 10.677442189712128  9.941632347151212e-56 
 10.700802265219442 1.4231089625223133e-55 
 10.724162340726759 2.0360180209300726e-55 
 10.747522416234073 2.9113075724848767e-55 
 10.770882491741387  4.160615386788179e-55 
 10.794242567248702  5.942785570329841e-55 
 10.817602642756016  8.483704988378621e-55 
 10.840962718263333 1.2104422225005347e-54 
 10.864322793770647 1.7260985155945514e-54 
 10.887682869277961  2.460084939890602e-54 
 10.911042944785276 3.5042705924199114e-54 
  10.93440302029259  4.988938776104705e-54 
 10.957763095799905  7.098747407248593e-54 
 10.981123171307221 1.0095277939554529e-53 
 11.004483246814535  1.434887479266506e-53 
  11.02784332232185  2.038357802783901e-53 
 11.051203397829164 2.8940498184900695e-53 
 11.074563473336479  4.106715278936308e-53 
 11.097923548843795  5.824332950428727e-53 
  11.12128362435111  8.255831143869512e-53 
 11.144643699858424 1.1696028513807132e-52 
 11.168003775365738 1.6560713482290245e-52 
 11.191363850873053 2.3435956167479195e-52 
 11.214723926380369  3.314738855511988e-52 
 11.238084001887684  4.685748444658309e-52 
 11.261444077394998  6.620207908733201e-52 
 11.284804152902312  9.348184952818755e-52 
 11.308164228409627  1.319307320668469e-51 
 11.331524303916941 1.8609198001365153e-51 
 11.354884379424256 2.6234473319855968e-51 
 11.378244454931572  3.696409274566561e-51 
 11.401604530438886  5.205359889047621e-51 
 11.424964605946201   7.32629631087375e-51 
 11.448324681453515 1.0305788052773575e-50 
  11.47168475696083  1.448908439241006e-50 
 11.495044832468146 2.0359339567517992e-50 
  11.51840490797546 2.8592322801834357e-50 
 11.541764983482775  4.013268341264294e-50 
  11.56512505899009  5.630020400424013e-50 
 11.588485134497404  7.893775055147002e-50 
  11.61184521000472 1.1061716727425607e-49 
 11.635205285512034 1.5492565020786654e-49 
 11.658565361019349 2.1686383364735975e-49 
 11.681925436526663 3.0339885859300275e-49 
 11.705285512033978  4.242323306079941e-49 
 11.728645587541294 5.9286606380463056e-49 
 11.752005663048608  8.280802541893209e-49 
 11.775365738555923  1.155982540229115e-48 
 11.798725814063237  1.612846844420762e-48 
 11.822085889570552 2.2490442047831086e-48 
 11.845445965077866  3.134482595572366e-48 
  11.86880604058518 4.3661308030113133e-48 
 11.892166116092497  6.078418955664611e-48 
 11.915526191599811  8.457607512495602e-48 
 11.938886267107126 1.1761627811772475e-47 
  11.96224634261444  1.634746235595818e-47 
 11.985606418121755 2.2708908899651876e-47 
 12.008966493629071 3.1528637166400975e-47 
 12.032326569136385  4.374990735918201e-47 
   12.0556866446437  6.067532137353178e-47 
 12.079046720151014  8.410271992800262e-47 
 12.102406795658329 1.1651209352898286e-46 
 12.125766871165645 1.6132251310861583e-46 
  12.14912694667296 2.2324511287957195e-46 
 12.172487022180274  3.087677623053946e-46 
 12.195847097687588  4.268201841768955e-46 
 12.219207173194903  5.896861883468462e-46 
 12.242567248702219   8.14254132331989e-46 
 12.265927324209532 1.1237300515519408e-45 
 12.289287399716848  1.549983330924665e-45 
 12.312647475224162 2.1367566711628117e-45 
 12.336007550731477  2.944056347837616e-45 
 12.359367626238791  4.054153385278066e-45 
 12.382727701746106 5.5797821365720717e-45 
 12.406087777253422  7.675334595518938e-45 
 12.429447852760736  1.055213649640595e-44 
  12.45280792826805 1.4499281851193048e-44 
 12.476168003775365 1.9912032501828097e-44 
  12.49952807928268 2.7330507821014894e-44 
 12.522888154789996 3.7492363462430407e-44 
  12.54624823029731  5.140447693110301e-44 
 12.569608305804625  7.044044299837854e-44 
  12.59296838131194  9.647309716560563e-44 
 12.616328456819254 1.3205455088590404e-43 
  12.63968853232657  1.806606349359328e-43 
 12.663048607833884  2.470226067813611e-43 
 12.686408683341199 3.3757702157908254e-43 
 12.709768758848513  4.610755173991493e-43 
 12.733128834355828 6.2941089458834865e-43 
 12.756488909863144  8.587355813095722e-43 
 12.779848985370457 1.1709751229024516e-42 
 12.803209060877773  1.595875060269796e-42 
 12.826569136385087 2.1737676204100592e-42 
 12.849929211892402  2.959309248909892e-42 
 12.873289287399716  4.026526818451293e-42 
  12.89664936290703  5.475626908926405e-42 
 12.920009438414347  7.442178984867934e-42 
 12.943369513921661 1.0109493110760917e-41 
 12.966729589428976 1.3725294101448703e-41 
  12.99008966493629 1.8624170812761034e-41 
 13.013449740443605 2.5257783808470275e-41 
 13.036809815950921 3.4235489798917516e-41 
 13.060169891458235  4.637894422030032e-41 
  13.08352996696555  6.279545028788012e-41 
 13.106890042472864  8.497643522419753e-41 
 13.130250117980179 1.1492958706674882e-40 
 13.153610193487495  1.553560579233387e-40 
  13.17697026899481 2.0988797021689662e-40 
 13.200330344502124 2.8340656805169493e-40 
 13.223690420009438 3.8246815674014716e-40 
 13.247050495516753  5.158740274748357e-40 
 13.270410571024069  6.954326105748749e-40 
 13.293770646531382  9.369781195328277e-40 
 13.317130722038698 1.2617312368699833e-39 
 13.340490797546012  1.698115669043052e-39 
 13.363850873053327  2.284181933143203e-39 
 13.387210948560641 3.0708395361978067e-39 
 13.410571024067956  4.126164736554083e-39 
 13.433931099575272   5.54113857564564e-39 
 13.457291175082586  7.437285751905968e-39 
   13.4806512505899  9.976838296180402e-39 
 13.504011326097215 1.3376250920335806e-38 
  13.52737140160453 1.7924163183232653e-38 
 13.550731477111846  2.400525809934337e-38 
  13.57409155261916 3.2131934937653936e-38 
 13.597451628126475  4.298633179689579e-38 
  13.62081170363379   5.74760485093124e-38 
 13.644171779141104  7.680799479394969e-38 
  13.66753185464842 1.0258620410112964e-37 
 13.690891930155734 1.3694131751314713e-37 
 13.714252005663049 1.8270189501691812e-37 
 13.737612081170363 2.4362093771740087e-37 
 13.760972156677678 3.2467524544937788e-37 
 13.784332232184994  4.324608056412958e-37 
 13.807692307692307   5.75714724378586e-37 
 13.831052383199623  7.660038095780383e-37 
 13.854412458706937 1.0186325047822118e-36 
 13.877772534214252 1.3538393718915503e-36 
 13.901132609721566 1.7983729348340762e-36 
  13.92449268522888 2.3875659923059605e-36 
 13.947852760736197  3.168064530888536e-36 
 13.971212836243511  4.201415783565284e-36 
 13.994572911750826  5.568783250636066e-36 
  14.01793298725814  7.377139142329738e-36 
 14.041293062765455  9.767392582550482e-36 
  14.06465313827277  1.292505265674567e-35 
 14.088013213780085 1.7094208898423817e-35 
   14.1113732892874 2.2595850945493222e-35 
 14.134733364794714  2.985186053916068e-35 
 14.158093440302029  3.941641441103427e-35 
 14.181453515809345  5.201706393164448e-35 
 14.204813591316658  6.860844296666342e-35 
 14.228173666823974  9.044244617540822e-35 
 14.251533742331288 1.1915987674451827e-34 
 14.274893817838603 1.5691006381729762e-34 
 14.298253893345919 2.0650689712506777e-34 
 14.321613968853232 2.7163225056700123e-34 
 14.344974044360548  3.571010367854355e-34 
 14.368334119867862 4.6920636918105834e-34 
 14.391694195375177 6.1616878733342744e-34 
 14.415054270882493   8.08720588432379e-34 
 14.438414346389806 1.0608654671052861e-33 
 14.461774421897122 1.3908654985198977e-33 
 14.485134497404436 1.8225227758056065e-33 
  14.50849457291175 2.3868427233902324e-33 
 14.531854648419065  3.124191525172793e-33 
  14.55521472392638  4.087092863689399e-33 
 14.578574799433696  5.343851358513532e-33 
  14.60193487494101  6.983244404778568e-33 
 14.625294950448325  9.120593986952743e-33 
  14.64865502595564  1.190561988497813e-32 
 14.672015101462954 1.5532591138190918e-32 
  14.69537517697027 2.0253440898474246e-32 
 14.718735252477583 2.6394700105351787e-32 
 14.742095327984899 3.4379349526742895e-32 
 14.765455403492213  4.475500266179191e-32 
 14.788815478999528  5.823023297574465e-32 
 14.812175554506844  7.572137238673072e-32 
 14.835535630014157  9.841276501600571e-32 
 14.858895705521473 1.2783430063849596e-31 
 14.882255781028787 1.6596112655036414e-31 
 14.905615856536102  2.153418089713771e-31 
 14.928975932043418 2.7926296732340914e-31 
  14.95233600755073  3.619606405785651e-31 
 14.975696083058047  4.688914961608956e-31 
 14.999056158565361  6.070806258826917e-31 
 15.022416234072676  7.855673022396625e-31 
  15.04577630957999 1.0159759609601288e-30 
 15.069136385087305 1.3132471726048401e-30 
  15.09249646059462 1.6965728984312462e-30 
 15.115856536101935  2.190592439209728e-30 
  15.13921661160925  2.826920870006401e-30 
 15.162576687116564  3.646101280805993e-30 
 15.185936762623879 4.7000969130980246e-30 
 15.209296838131195  6.055470685623233e-30 
 15.232656913638507  7.797439391003854e-30 
 15.256016989145824 1.0035040228349277e-29 
 15.279377064653138   1.29077110986669e-29 
 15.302737140160453 1.6593666734766588e-29 
 15.326097215667769 2.1320554675429537e-29 
 15.349457291175082 2.7379003871037534e-29 
 15.372817366682398  3.513984129494643e-29 
 15.396177442189712  4.507595708675929e-29 
 15.419537517697027  5.779005746055255e-29 
 15.442897593204343  7.404987066036818e-29 
 15.466257668711656  9.483278192321449e-29 
 15.489617744218972 1.2138239037593484e-28 
 15.512977819726286 1.5528013116950484e-28 
   15.5363378952336 1.9853592388654854e-28 
 15.559697970740915 2.5370283579858386e-28 
  15.58305804624823  3.240220389643319e-28 
 15.606418121755546   4.13605959737721e-28 
  15.62977819726286  5.276695507499966e-28 
 15.653138272770175  6.728221620976182e-28 
  15.67649834827749   8.57435679050281e-28 
 15.699858423784804 1.0921085885278224e-27 
  15.72321849929212 1.3902506356809868e-27 
 15.746578574799432 1.7688189838264977e-27 
 15.769938650306749  2.249244605048601e-27 
 15.793298725814063  2.858597389492347e-27 
 15.816658801321378 3.6310506464322596e-27 
 15.840018876828694  4.609720872670693e-27 
 15.863378952336006 5.8489776196063224e-27 
 15.886739027843323  7.417341911950374e-27 
 15.910099103350637    9.4011210894311e-27 
 15.933459178857952 1.1908964558568745e-26 
 15.956819254365268 1.5077570488293315e-26 
  15.98017932987258 1.9078830105347407e-26 
 16.003539405379897   2.41287665940767e-26 
  16.02689948088721 3.0498712955628534e-26 
 16.050259556394526 3.8529281577824524e-26 
 16.073619631901842  4.864781269890792e-26 
 16.096979707409155  6.139015556977218e-26 
  16.12033978291647  7.742784251366088e-26 
 16.143699858423787  9.760197159025691e-26 
   16.1670599339311 1.2296542968960554e-25 
 16.190420009438412 1.5483547875304093e-25 
  16.21378008494573   1.94859210829536e-25 
 16.237140160453045  2.450949741878335e-25 
 16.260500235960357  3.081136089440328e-25 
 16.283860311467674  3.871242388143682e-25 
  16.30722038697499  4.861304851282399e-25 
 16.330580462482303  6.101243485046016e-25 
  16.35394053798962 7.6532670184178835e-25 
  16.37730061349693    9.5948542800416e-25 
 16.400660689004248  1.202244805503023e-24 
  16.42402076451156 1.5056029039858605e-24 
 16.447380840018877 1.8844776309362144e-24 
 16.470740915526193  2.357406833370705e-24 
 16.494100991033505 2.9474137008461984e-24 
  16.51746106654082  3.683075879392897e-24 
 16.540821142048138    4.5998454833206e-24 
  16.56418121755545  5.741677940356735e-24 
 16.587541293062763  7.163040759944283e-24 
  16.61090136857008  8.931389403485456e-24 
 16.634261444077396 1.1130217101573684e-23 
  16.65762151958471 1.3862809487581086e-23 
 16.680981595092025 1.7256864247232844e-23 
  16.70434167059934 2.1470171770059986e-23 
 16.727701746106654  2.669759642531639e-23 
  16.75106182161397 3.3179651261724314e-23 
 16.774421897121282  4.121302369345672e-23 
   16.7977819726286  5.116348856035602e-23 
  16.82114204813591  6.348174083323363e-23 
 16.844502123643228  7.872279679519051e-23 
 16.867862199150544   9.75697541391874e-23 
 16.891222274657856 1.2086287335870473e-22 
 16.914582350165173  1.496351514389827e-22 
  16.93794242567249 1.8515581185672693e-22 
   16.9613025011798 2.2898344151451813e-22 
 16.984662576687118  2.830308766065582e-22 
  17.00802265219443  3.496443889333016e-22 
 17.031382727701747  4.317002679645671e-22 
  17.05474280320906  5.327225513543232e-22 
 17.078102878716376  6.570264508873238e-22 
 17.101462954223692  8.098929798919098e-22 
 17.124823029731004  9.977814454558262e-22 
  17.14818310523832 1.2285878644473158e-21 
 17.171543180745637 1.5119590444277164e-21 
  17.19490325625295 1.8596740965682353e-21 
 17.218263331760262 2.2861075864644732e-21 
  17.24162340726758 2.8087914625520154e-21 
 17.264983482774895   3.44909642895077e-21 
 17.288343558282207  4.233057667364501e-21 
 17.311703633789524  5.192374901157683e-21 
  17.33506370929684  6.365622900891673e-21 
 17.358423784804152  7.799715853396895e-21 
  17.38178386031147  9.551677792813145e-21 
  17.40514393581878 1.1690781803908722e-20 
 17.428504011326098  1.430113329075953e-20 
  17.45186408683341 1.7484787656031536e-20 
 17.475224162340727 2.1365510731096177e-20 
 17.498584237848043 2.6093311796808623e-20 
 17.521944313355355 3.1849904705514656e-20 
  17.54530438886267 3.8855283246654226e-20 
 17.568664464369988  4.737563342703986e-20 
   17.5920245398773  5.773284887034807e-20 
 17.615384615384613  7.031596738907366e-20 
  17.63874469089193  8.559490849558602e-20 
 17.662104766399246 1.0413696502750264e-19 
  17.68546484190656 1.2662658932755379e-19 
 17.708824917413875  1.538891180892733e-19 
  17.73218499292119 1.8691920306386719e-19 
 17.755545068428503 2.2691486086296333e-19 
  17.77890514393582  2.753182282579805e-19 
 17.802265219443132 3.3386431457760796e-19 
  17.82562529495045 4.0463928581314336e-19 
  17.84898537045776  4.901501026378577e-19 
 17.872345445965077  5.934076746984252e-19 
 17.895705521472394  7.180260955877922e-19 
 17.919065596979706   8.68340997823623e-19 
 17.942425672487023 1.0495506277784448e-18 
  17.96578574799434 1.2678839018815922e-18 
  17.98914582350165 1.5308004851460798e-18 
 18.012505899008964  1.847228851756263e-18 
  18.03586597451628  2.227849369148694e-18 
 18.059226050023597 2.6854307198396705e-18 
  18.08258612553091 3.2352294719971017e-18 
 18.105946201038225  3.895464368685699e-18 
  18.12930627654554  4.687878971419656e-18 
 18.152666352052854  5.638408718079244e-18 
  18.17602642756017  6.777971298824956e-18 
 18.199386503067487  8.143402586689106e-18 
   18.2227465785748  9.778564263749461e-18 
 18.246106654082112 1.1735653854100834e-17 
  18.26946672958943 1.4076753221387387e-17 
 18.292826805096745  1.687565783921078e-17 
 18.316186880604057 2.0220036445346447e-17 
 18.339546956111374   2.42139792168946e-17 
  18.36290703161869 2.8981002551720614e-17 
 18.386267107126002 3.4667590141429393e-17 
 18.409627182633315  4.144736353788123e-17 
 18.432987258140635  4.952599115538989e-17 
 18.456347333647948  5.914696296780737e-17 
  18.47970740915526  7.059837946158091e-17 
 18.503067484662576   8.42209281623724e-17 
 18.526427560169893  1.004172498054217e-16 
 18.549787635677205 1.1966292959111386e-16 
  18.57314771118452 1.4251938767345004e-16 
 18.596507786691838 1.6964898789322935e-16 
  18.61986786219915  2.018327357348875e-16 
 18.643227937706463 2.3999099663998276e-16 
  18.66658801321378 2.8520773539490576e-16 
 18.689948088721096 3.3875885774945016e-16 
  18.71330816422841 4.0214532834762305e-16 
 18.736668239735724  4.771318463273474e-16 
  18.76002831524304  5.657919837049801e-16 
 18.783388390750353  6.705608343395853e-16 
 18.806748466257666  7.942963856517643e-16 
 18.830108541764986  9.403510145240924e-16 
   18.8534686172723 1.1126547265505601e-15 
  18.87682869277961 1.3158120081487703e-15 
 18.900188768286927 1.5552144486835914e-15 
 18.923548843794244 1.8371716200075576e-15 
 18.946908919301556 2.1690630797527276e-15 
 18.970268994808873  2.559514799184864e-15 
  18.99362907031619  3.018603814255232e-15 
   19.0169891458235 3.5580954684994674e-15 
 19.040349221330814  4.191718268649611e-15 
  19.06370929683813  4.935482119582889e-15 
 19.087069372345447 5.8080465573533314e-15 
  19.11042944785276  6.831146572025595e-15 
 19.133789523360075  8.030084722217892e-15 
  19.15714959886739  9.434299509124279e-15 
 19.180509674374704 1.1078021420144191e-14 
  19.20386974988202 1.3001029694538022e-14 
 19.227229825389337 1.5249524732146538e-14 
  19.25058990089665  1.787713319084964e-14 
 19.273949976403962  2.094606523243937e-14 
  19.29731005191128  2.452844611740198e-14 
 19.320670127418595  2.870784745877004e-14 
 19.344030202925907  3.358104697081765e-14 
 19.367390278433223 3.9260049542678046e-14 
  19.39075035394054 4.5874406989008466e-14 
 19.414110429447852  5.357387894567041e-14 
 19.437470504955165  6.253148316170283e-14 
 19.460830580462485  7.294698997205113e-14 
 19.484190655969797  8.505092311037437e-14 
  19.50755073147711  9.910913734011478e-14 
 19.530910806984426 1.1542805275870543e-13 
 19.554270882491743 1.3436063619120421e-13 
 19.577630957999055  1.563132319764862e-13 
  19.60099103350637 1.8175335781774756e-13 
 19.624351109013688  2.112185963930384e-13 
    19.647711184521  2.453267302932371e-13 
 19.671071260028313 2.8478728678690785e-13 
  19.69443133553563  3.304146801397864e-13 
 19.717791411042946  3.831431630014068e-13 
 19.741151486550258  4.440438250003239e-13 
 19.764511562057574  5.143439064794226e-13 
  19.78787163756489  5.954487286039574e-13 
 19.811231713072203  6.889665782721458e-13 
 19.834591788579516  7.967369277746898e-13 
 19.857951864086836  9.208624154508775e-13 
  19.88131193959415 1.0637450651868025e-12 
  19.90467201510146 1.2281272800550061e-12 
 19.928032090608777 1.4171382093185872e-12 
 19.951392166116094 1.6343461590903692e-12 
 19.974752241623406  1.883817795881419e-12 
 19.998112317130722 2.1701849798978047e-12 
  20.02147239263804 2.4987201621231717e-12 
  20.04483246814535  2.875421386916423e-12 
 20.068192543652664  3.307108061091539e-12 
  20.09155261915998  3.801528782364379e-12 
 20.114912694667296  4.367482665877114e-12 
  20.13827277017461  5.014955768572104e-12 
 20.161632845681925 5.7552743889320145e-12 
  20.18499292118924  6.601277215586406e-12 
 20.208352996696554   7.56750851420896e-12 
  20.23171307220387  8.670434779799217e-12 
 20.255073147711187  9.928687542839676e-12 
   20.2784332232185 1.1363335305057395e-11 
 20.301793298725812 1.2998187895872412e-11 
  20.32515337423313 1.4860136886532772e-11 
 20.348513449740445 1.6979536078051405e-11 
 20.371873525247757 1.9390626494172086e-11 
 20.395233600755073 2.2132010764722113e-11 
  20.41859367626239  2.524718228104636e-11 
 20.441953751769702  2.878511504724792e-11 
 20.465313827277015  3.280092074224118e-11 
 20.488673902784335  3.735658015212708e-11 
 20.512033978291647  4.252175683418174e-11 
  20.53539405379896  4.837470163722443e-11 
 20.558754129306276 5.5003257532835924e-11 
 20.582114204813593  6.250597511281458e-11 
 20.605474280320905  7.099335008545073e-11 
  20.62883435582822  8.058919516204923e-11 
 20.652194431335538  9.143215987139679e-11 
  20.67555450684285 1.0367741307942218e-10 
 20.698914582350163 1.1749850433034411e-10 
  20.72227465785748 1.3308942157064393e-10 
 20.745634733364795 1.5066686437493148e-10 
 20.768994808872108 1.7047275347025245e-10 
 20.792354884379424 1.9277699915967635e-10 
  20.81571495988674 2.1788055318465947e-10 
 20.839075035394053 2.4611877064644876e-10 
 20.862435110901366 2.7786511083721144e-10 
 20.885795186408686 3.1353520821994547e-10 
    20.909155261916  3.535913473504155e-10 
  20.93251533742331  3.985473782631174e-10 
 20.955875412930627 4.4897411175370837e-10 
 20.979235488437944  5.055052370923489e-10 
 21.002595563945256   5.68843808003046e-10 
 21.025955639452572  6.397693462515268e-10 
  21.04931571495989   7.19145615907345e-10 
   21.0726757904672  8.079291252916564e-10 
 21.096035865974514  9.071784177980285e-10 
  21.11939594148183 1.0180642171868692e-09 
 21.142756016989146 1.1418804976118716e-09 
  21.16611609249646 1.2800565535432647e-09 
 21.189476168003775 1.4341701499153441e-09 
  21.21283624351109 1.6059618382467975e-09 
 21.236196319018404 1.7973505301671441e-09 
  21.25955639452572 2.0104504257326078e-09 
 21.282916470033037 2.2475894001295207e-09 
  21.30627654554035  2.511328958847129e-09 
 21.329636621047662 2.8044858781462816e-09 
  21.35299669655498 3.1301556546586557e-09 
 21.376356772062294 3.4917378952110134e-09 
 21.399716847569607  3.892963785480361e-09 
 21.423076923076923  4.337925783830759e-09 
  21.44643699858424  4.831109694652681e-09 
 21.469797074091552  5.377429283710109e-09 
 21.493157149598865  5.982263606368855e-09 
 21.516517225106185 6.6514972281236255e-09 
 21.539877300613497  7.391563525526996e-09 
  21.56323737612081   8.20949126443133e-09 
 21.586597451628126  9.112954661335738e-09 
 21.609957527135442 1.0110327142571756e-08 
 21.633317602642755 1.1210739025003125e-08 
  21.65667767815007 1.2424139350817663e-08 
 21.680037753657388  1.376136211780769e-08 
   21.7033978291647 1.5234197155204175e-08 
 21.726757904672013  1.685546590360463e-08 
  21.75011798017933  1.863910236572702e-08 
 21.773478055686645 2.0600239502581552e-08 
 21.796838131193958 2.2755301357094497e-08 
 21.820198206701274  2.512210119416078e-08 
  21.84355828220859 2.7719945952434467e-08 
 21.866918357715903  3.056974730886301e-08 
 21.890278433223216   3.36941396618252e-08 
 21.913638508730536  3.711760534273723e-08 
  21.93699858423785 4.0866607368975574e-08 
  21.96035865974516 4.4969730052847046e-08 
 21.983718735252477  4.945782778191591e-08 
 22.007078810759793 5.4364182285295495e-08 
 22.030438886267106  5.972466869820694e-08 
 22.053798961774422  6.557793073321273e-08 
  22.07715903728174  7.196556526081715e-08 
  22.10051911278905   7.89323165944821e-08 
 22.123879188296364  8.652628076535683e-08 
  22.14723926380368  9.479912006003383e-08 
 22.170599339310996 1.0380628808023632e-07 
  22.19395941481831 1.1360726556641283e-07 
 22.217319490325625 1.2426580720750488e-07 
  22.24067956583294  1.358501996365789e-07 
 22.264039641340254 1.4843353078649133e-07 
  22.28739971684757 1.6209397075088642e-07 
 22.310759792354887  1.769150642637176e-07 
   22.3341198678622   1.92986034874919e-07 
 22.357479943369512  2.104021008605513e-07 
 22.380840018876828 2.2926480286277355e-07 
 22.404200094384144  2.496823432081117e-07 
 22.427560169891457 2.7176993680165473e-07 
 22.450920245398773 2.9565017343987996e-07 
  22.47428032090609   3.21453391325554e-07 
 22.497640396413402 3.4931806150506104e-07 
 22.521000471920715  3.793911828806771e-07 
 22.544360547428035  4.118286873784548e-07 
 22.567720622935347 4.4679585477610955e-07 
  22.59108069844266  4.844677366149568e-07 
 22.614440773949976  5.250295885348216e-07 
 22.637800849457292  5.686773102822086e-07 
 22.661160924964605  6.156178925489914e-07 
  22.68452100047192  6.660698697017591e-07 
 22.707881075979238  7.202637773615291e-07 
  22.73124115148655  7.784426136891302e-07 
 22.754601226993863  8.408623031243226e-07 
  22.77796130250118  9.077921612157766e-07 
 22.801321378008495  9.795153590663689e-07 
 22.824681453515808 1.0563293858022867e-06 
 22.848041529023124 1.1385465073575896e-06 
  22.87140160453044 1.2264942197462501e-06 
 22.894761680037753 1.3205156948747983e-06 
 22.918121755545066  1.420970216828198e-06 
 22.941481831052386 1.5282336064413488e-06 
   22.9648419065597 1.6426986318499196e-06 
  22.98820198206701 1.7647754025971656e-06 
 23.011562057574327 1.8948917447566272e-06 
 23.034922133081643 2.0334935544200676e-06 
 23.058282208588956 2.1810451267906836e-06 
 23.081642284096272 2.3380294580185706e-06 
  23.10500235960359  2.504948516816521e-06 
   23.1283624351109 2.6823234828039956e-06 
 23.151722510618214 2.8706949484423763e-06 
  23.17508258612553 3.0706230813491983e-06 
 23.198442661632846   3.28268774371322e-06 
  23.22180273714016 3.5074885654774765e-06 
 23.245162812647475 3.7456449679120562e-06 
  23.26852288815479  3.997796134168851e-06 
 23.291882963662104 4.2646009233923514e-06 
  23.31524303916942  4.546737724957843e-06 
 23.338603114676737  4.844904249421627e-06 
  23.36196319018405  5.159817252797773e-06 
 23.385323265691362  5.492212190824336e-06 
 23.408683341198678  5.842842799947529e-06 
 23.432043416705994  6.212480601839778e-06 
 23.455403492213307   6.60191432837408e-06 
 23.478763567720623  7.011949264105887e-06 
  23.50212364322794  7.443406503463885e-06 
 23.525483718735252  7.897122120025466e-06 
 23.548843794242565  8.373946245448685e-06 
 23.572203869749885  8.874742055855212e-06 
 23.595563945257197   9.40038466370119e-06 
  23.61892402076451  9.951759913447647e-06 
 23.642284096271826 1.0529763079631195e-05 
 23.665644171779142 1.1135297466260746e-05 
 23.689004247286455 1.1769272906807145e-05 
  23.71236432279377 1.2432604164423542e-05 
 23.735724398301087 1.3126209232424376e-05 
   23.7590844738084 1.3851007535472131e-05 
 23.782444549315713 1.4607918032355344e-05 
  23.80580462482303 1.5397857221706296e-05 
 23.829164700330345 1.6221737052486527e-05 
 23.852524775837658  1.708046274157053e-05 
 23.875884851344974 1.7974930501279338e-05 
  23.89924492685229  1.890602518024823e-05 
 23.922605002359603 1.9874617821567895e-05 
 23.945965077866916 2.0881563142699253e-05 
 23.969325153374236  2.192769694223665e-05 
 23.992685228881548 2.3013833439178042e-05 
  24.01604530438886  2.414076255094918e-05 
 24.039405379896177  2.530924711701794e-05 
 24.062765455403493 2.6520020075528052e-05 
 24.086125530910806  2.777378160096997e-05 
 24.109485606418122 2.9071196211498936e-05 
  24.13284568192544   3.04128898550613e-05 
  24.15620575743275  3.179944698408196e-05 
 24.179565832940064 3.3231407628992126e-05 
  24.20292590844738 3.4709264481409886e-05 
 24.226285983954696 3.6233459998292926e-05 
  24.24964605946201 3.7804383538860034e-05 
 24.273006134969325 3.9422368546528415e-05 
  24.29636621047664 4.1087689788520466e-05 
 24.319726285983954 4.2800560666189755e-05 
  24.34308636149127 4.4561130609439085e-05 
 24.366446436998586  4.636948256889916e-05 
   24.3898065125059  4.822563061979556e-05 
 24.413166588013212 5.0129517691614004e-05 
 24.436526663520528  5.208101343782668e-05 
 24.459886739027844 5.4079912260018843e-05 
 24.483246814535157  5.612593150081372e-05 
 24.506606890042473  5.821870981990455e-05 
  24.52996696554979 6.0357805767466894e-05 
 24.553327041057102  6.254269656901702e-05 
 24.576687116564415  6.477277713558625e-05 
 24.600047192071735  6.704735931274999e-05 
 24.623407267579047  6.936567138171788e-05 
  24.64676734308636  7.172685782522666e-05 
 24.670127418593676  7.412997937048529e-05 
 24.693487494100992  7.657401332084721e-05 
 24.716847569608305  7.905785418721961e-05 
  24.74020764511562   8.15803146295434e-05 
 24.763567720622937  8.414012671784834e-05 
  24.78692779613025   8.67359435215754e-05 
 24.810287871637563  8.936634103495405e-05 
  24.83364794714488  9.202982044522136e-05 
 24.857008022652195  9.472481074948908e-05 
 24.880368098159508  9.744967172494468e-05 
 24.903728173666824  0.0001002026972559898 
  24.92708824917414 0.00010298211902070907 
 24.950448324681453 0.00010578611053789494 
 24.973808400188766 0.00010861279157457478 
 24.997168475696085 0.00011146023291274327 
 25.020528551203398 0.00011432646147269715 
  25.04388862671071 0.00011720946578907549 
 25.067248702218027 0.00012010720183437572 
 25.090608777725343 0.00012301759918337946 
 25.113968853232656   0.000125938567510744 
 25.137328928739972  0.0001288680034124245 
  25.16068900424729  0.0001318037975406707 
   25.1840490797546 0.00013474384204081372 
 25.207409155261914  0.0001376860382769727 
  25.23076923076923 0.00014062830483259732 
 25.254129306276546 0.00014356858577064936 
  25.27748938178386 0.00014650485913715532 
 25.300849457291175  0.0001494351456908734 
  25.32420953279849 0.00015235751784086073 
 25.347569608305804 0.00015527010877292607 
  25.37092968381312 0.00015817112174513066 
 25.394289759320436  0.0001610588395319165 
  25.41764983482775  0.0001639316339957506 
  25.44100991033506  0.0001667879757648325 
 25.464369985842378 0.00016962644399497138 
 25.487730061349694 0.00017244573619351714 
 25.511090136857007 0.00017524467808311986 
 25.534450212364323 0.00017802223348306235 
  25.55781028787164  0.0001807775141860338 
 25.581170363378952 0.00018350978980846455 
 25.604530438886265 0.00018621849759290434 
 25.627890514393584  0.0001889032521414086 
 25.651250589900897 0.00019156385505954705 
  25.67461066540821 0.00019420030449136965 
 25.697970740915526 0.00019681280452654986 
 25.721330816422842 0.00019940177446192957 
 25.744690891930155 0.00020196785790075234 
  25.76805096743747  0.0002045119316741788 
 25.791411042944787 0.00020703511457090523 
   25.8147711184521 0.00020953877586224774 
 25.838131193959413  0.0002120245436114611 
  25.86149126946673 0.00021449431275788797 
 25.884851344974045 0.00021695025296787236 
 25.908211420481358 0.00021939481624659615 
 25.931571495988674 0.00022183074430645082 
  25.95493157149599 0.00022426107568957772 
 25.978291647003303  0.0002266891526443188 
  26.00165172251062 0.00022911862775677684 
 26.025011798017932 0.00023155347034131444 
 26.048371873525248 0.00023399797259517614 
  26.07173194903256  0.0002364567555249052 
 26.095092024539877 0.00023893477465374195 
 26.118452100047193 0.00024143732552140708 
 26.141812175554506 0.00024397004898946904 
 26.165172251061822  0.0002465389363672744 
 26.188532326569135 0.00024915033437506834 
  26.21189240207645  0.0002518109499629077 
 26.235252477583767 0.00025452785500513917 
  26.25861255309108 0.00025730849089193814 
 26.281972628598396  0.0002601606730406114 
  26.30533270410571  0.0002630925953506564 
 26.328692779613025 0.00026611283462736087 
  26.35205285512034  0.0002692303550000219 
 26.375412930627654  0.0002724545123612165 
  26.39877300613497 0.00027579505885428187 
 26.422133081642283  0.0002792621474364238 
   26.4454931571496 0.00028286633654520007 
 26.468853232656915  0.0002866185948957959 
 26.492213308164228   0.000290530306436489 
 26.515573383671544  0.0002946132754892736 
 26.538933459178857  0.0002988797321015726 
 26.562293534686173  0.0003033423376345021 
 26.585653610193486  0.0003080141906117739 
 26.609013685700802 0.00031290883285185517 
 26.632373761208118 0.00031804025590487163 
  26.65573383671543  0.0003234229078132045 
 26.679093912222747  0.0003290717002135423 
  26.70245398773006  0.0003350020157951757 
 26.725814063237376  0.0003412297161272666 
 26.749174138744692  0.0003477711498651309 
 26.772534214252005  0.0003546431613423581 
  26.79589428975932  0.0003618630995531468 
 26.819254365266634  0.0003694488275252649 
  26.84261444077395   0.000377418732081236 
 26.865974516281266 0.00038579173398148813 
  26.88933459178858 0.00039458729843940953 
 26.912694667295895 0.00040382544599467274 
 26.936054742803208 0.00041352676372696757 
 26.959414818310524   0.000423712416788349 
  26.98277489381784  0.0004344041602281888 
 27.006134969325153  0.0004456243510805293 
  27.02949504483247 0.00045739596067939544 
 27.052855120339782 0.00046974258716320536 
 27.076215195847098  0.0004826884681252446 
  27.09957527135441  0.0004962584933628158 
 27.122935346861727  0.0005104782176733985 
 27.146295422369043  0.0005253738736419198 
 27.169655497876356  0.0005409723843591804 
 27.193015573383672  0.0005573013760073285 
 27.216375648890985   0.000574389190244404 
   27.2397357243983  0.0005922648963162064 
 27.263095799905617  0.0006109583028199678 
  27.28645587541293  0.0006304999690410884 
 27.309815950920246  0.0006509212157808071 
  27.33317602642756   0.000672254135589404 
 27.356536101934875   0.000694531602317475 
  27.37989617744219  0.0007177872798942092 
 27.403256252949504  0.0007420556302406282 
  27.42661632845682  0.0007673719202225786 
 27.449976403964133  0.0007937722275473552 
  27.47333647947145  0.0008212934455067195 
 27.496696554978765   0.000849973286467195 
 27.520056630486078  0.0008798502840090926 
 27.543416705993394  0.0009109637936146744 
 27.566776781500707  0.0009433539918062935 
 27.590136857008023  0.0009770618736364611 
 27.613496932515336   0.001012129248431535 
 27.636857008022652  0.0010485987336938504 
 27.660217083529968  0.0010865137470673137 
  27.68357715903728  0.0011259184962750335 
 27.706937234544597  0.0011668579669395522 
  27.73029731005191  0.0012093779081996988 
 27.753657385559226   0.001253524816041593 
 27.777017461066542  0.0012993459142657206 
 27.800377536573855  0.0013468891330157932 
  27.82373761208117  0.0013962030848008572 
 27.847097687588484   0.001447337037947256 
   27.8704577630958    0.00150034088742192 
 27.893817838603116  0.0015552651229766062 
  27.91717791411043   0.001612160794567449 
 27.940537989617745  0.0016710794750123242 
 27.963898065125058  0.0017320732198553297 
 27.987258140632374  0.0017951945244162554 
  28.01061821613969  0.0018604962780099266 
 28.033978291647003  0.0019280317153296629 
  28.05733836715432   0.001997854364997984 
  28.08069844266163   0.002070017995295381 
 28.104058518168948  0.0021445765570892675 
  28.12741859367626  0.0022215841239931213 
 28.150778669183577   0.002301094829796897 
 28.174138744690893  0.0023831628032182648 
 28.197498820198206  0.0024678421000361417 
 28.220858895705522   0.002555186632677012 
 28.244218971212835  0.0026452500973343563 
  28.26757904672015  0.0027380858987144114 
 28.290939122227467  0.0028337470725081737 
  28.31429919773478  0.0029322862057034617 
 28.337659273242096  0.0030337553548589508 
  28.36101934874941  0.0031382059624729857 
 28.384379424256725   0.003245688771590477 
  28.40773949976404  0.0033562537388004197 
 28.431099575271354  0.0034699499457866764 
  28.45445965077867  0.0035868255096040097 
 28.477819726285983  0.0037069274918606647 
   28.5011798017933   0.003830301806997112 
 28.524539877300615    0.00395699312985969 
 28.547899952807928   0.004087044802774884 
 28.571260028315244  0.0042204987423388315 
 28.594620103822557   0.004357395346141945 
 28.617980179329873   0.004497773399656494 
 28.641340254837186   0.004641669983520368 
 28.664700330344502    0.00478912038145387 
 28.688060405851818   0.004940157989054621 
  28.71142048135913   0.005094814223714395 
 28.734780556866447   0.005253118435909522 
  28.75814063237376    0.00541509782211552 
 28.781500707881076   0.005580777339599782 
 28.804860783388392   0.005750179623345301 
 28.828220858895705   0.005923324905359594 
  28.85158093440302  0.0061002309366213325 
 28.874941009910334   0.006280912911913258 
  28.89830108541765   0.006465383397790666 
 28.921661160924966    0.00665365226392616 
  28.94502123643228  0.0068457266180705365 
 28.968381311939595   0.007041610744860757 
 28.991741387446908   0.007241306048699772 
 29.015101462954224  0.0074448110009263544 
  29.03846153846154    0.00765212109148195 
 29.061821613968853   0.007863228785272593 
  29.08518168947617   0.008078123483415259 
  29.10854176498348       0.00829679148954 
 29.131901840490798   0.008519215981315678 
  29.15526191599811   0.008745376987344086 
 29.178621991505427   0.008975251369559251 
 29.201982067012743   0.009208812811251231 
 29.225342142520056   0.009446031810816788 
 29.248702218027372   0.009686875681324314 
 29.272062293534685   0.009931308555961147 
    29.295422369042   0.010179291399415336 
 29.318782444549317   0.010430782025223259 
  29.34214252005663   0.010685735119096783 
 29.365502595563946   0.010944102268223744 
  29.38886267107126    0.01120583199651604 
 29.412222746578575   0.011470869805757865 
  29.43558282208589   0.011739158222589662 
 29.458942897593204   0.012010636851239282 
  29.48230297310052   0.012285242431895334 
 29.505663048607833   0.012562908904593016 
  29.52902312411515   0.012843567478467405 
 29.552383199622465    0.01312714670620743 
 29.575743275129778   0.013413572563521482 
 29.599103350637094   0.013702768533414256 
 29.622463426144407   0.013994655695048546 
 29.645823501651723    0.01428915281695003 
 29.669183577159036   0.014586176454303346 
  29.69254365266635    0.01488564105006176 
 29.715903728173668   0.015187459039580613 
  29.73926380368098   0.015491540958482226 
 29.762623879188297   0.015797795553424063 
  29.78598395469561    0.01610612989545817 
 29.809344030202926   0.016416449495637454 
 29.832704105710242   0.016728658422526937 
 29.856064181217555    0.01704265942127064 
  29.87942425672487   0.017358354033852972 
 29.902784332232184    0.01767564272019871 
   29.9261444077395   0.017994424979740867 
 29.949504483246816   0.018314599473101538 
  29.97286455875413   0.018636064143512078 
 29.996224634261445    0.01895871633761982 
 30.019584709768758   0.019282452925321065 
 30.042944785276074   0.019607170418269773 
  30.06630486078339   0.019932765086721673 
 30.089664936290703   0.020259133074377326 
  30.11302501179802    0.02058617051090762 
  30.13638508730533    0.02091377362184363 
 30.159745162812648    0.02124183883554718 
  30.18310523831996   0.021570262886971583 
 30.206465313827277    0.02189894291796184 
 30.229825389334593   0.022227776573842575 
 30.253185464841906   0.022556662096075313 
 30.276545540349222    0.02288549841078389 
 30.299905615856535   0.023214185212965442 
  30.32326569136385   0.023542623046233422 
 30.346625766871167   0.023870713377956855 
  30.36998584237848   0.024198358669698508 
 30.393345917885796   0.024525462442853377 
  30.41670599339311   0.024851929339446972 
 30.440066068900425   0.025177665178053754 
  30.46342614440774   0.025502577004840234 
 30.486786219915054    0.02582657313974504 
  30.51014629542237    0.02614956321785373 
 30.533506370929683    0.02647145822603814 
    30.556866446437   0.026792170534962655 
 30.580226521944315    0.02711161392657808 
 30.603586597451628    0.02742970361725839 
 30.626946672958944   0.027746356276744287 
 30.650306748466257   0.028061490043091237 
 30.673666823973573   0.028375024533839045 
 30.697026899480885   0.028686880853629266 
   30.7203869749882   0.028996981598527826 
 30.743747050495518   0.029305250857320858 
  30.76710712600283   0.029611614210061282 
 30.790467201510147    0.02991599872416927 
  30.81382727701746   0.030218332948385773 
 30.837187352524776   0.030518546904900797 
 30.860547428032092    0.03081657207997186 
 30.883907503539405   0.031112341413370073 
  30.90726757904672   0.031405789286972755 
 30.930627654554034    0.03169685151284084 
  30.95398773006135     0.0319854653211092 
 30.977347805568666    0.03227156934801208 
  31.00070788107598   0.032555103624365506 
 31.024067956583295     0.0328360095648223 
 31.047428032090608    0.03311422995818479 
 31.070788107597924    0.03338970895909718 
  31.09414818310524   0.033662392081343674 
 31.117508258612553    0.03393222619306881 
  31.14086833411987    0.03419915951410855 
  31.16422840962718     0.0344631416156894 
 31.187588485134498   0.034724123422683974 
  31.21094856064181    0.03498205721859307 
 31.234308636149127   0.035236896653425366 
 31.257668711656443    0.03548859675459479 
 31.281028787163756   0.035737113940932874 
 31.304388862671072    0.03598240603990781 
 31.327748938178384    0.03622443230808822 
   31.3511090136857    0.03646315345488002 
 31.374469089193017   0.036698531669518794 
  31.39782916470033   0.036930530651296985 
 31.421189240207646   0.037159115642954356 
  31.44454931571496     0.0373842534671387 
 31.467909391222275    0.03760591256581974 
  31.49126946672959   0.037824063042514365 
 31.514629542236904    0.03803867670714653 
  31.53798961774422    0.03824972712333828 
 31.561349693251532    0.03845718965792704 
  31.58470976875885   0.038661041532440106 
 31.608069844266165    0.03886126187628162 
 31.631429919773478    0.03905783178133823 
 31.654789995280794   0.039250734357687375 
 31.678150070788107   0.039439954790105064 
 31.701510146295423   0.039625480395024476 
 31.724870221802735   0.039807300677599605 
  31.74823029731005   0.039985407388518905 
 31.771590372817368    0.04015979458019292 
  31.79495044832468    0.04033045866194715 
 31.818310523831997    0.04049739845384942 
  31.84167059933931    0.04066061523877029 
 31.865030674846626   0.040820112812326316 
 31.888390750353942   0.040975897530305005 
 31.911750825861255   0.041127978353213634 
  31.93511090136857    0.04127636688758589 
 31.958470976875883    0.04142107742369105 
   31.9818310523832     0.0415621269693024 
  32.00519112789051    0.04169953527919649 
 32.028551203397825     0.0418333248800715 
 32.051911278905145   0.041963521090588554 
  32.07527135441246    0.04209015203625291 
  32.09863142991978   0.042213248658892845 
  32.12199150542709   0.042332844720487955 
   32.1453515809344    0.04244897680114963 
 32.168711656441715    0.04256168429105866 
  32.19207173194903    0.04267100937620867 
  32.21543180745635    0.04277699701782676 
  32.23879188296366     0.0428796949253526 
  32.26215195847098    0.04297915352291818 
  32.28551203397829    0.04307542590927237 
 32.308872109485606    0.04316856781112556 
  32.33223218499292   0.043258637529952605 
  32.35559226050023     0.0433456958822576 
  32.37895233600755    0.04342980613339683 
  32.40231241151487   0.043511033925049805 
  32.42567248702218    0.04358944719646033 
 32.449032562529496   0.043665116099608645 
  32.47239263803681    0.04373811290848491 
  32.49575271354412    0.04380851192267315 
  32.51911278905144    0.04387638936547873 
  32.54247286455875    0.04394182327684301 
  32.56583294006607   0.044004893401326836 
 32.589193015573386    0.04406568107145151 
   32.6125530910807    0.04412426908671492 
  32.63591316658801    0.04418074158861275 
 32.659273242095324    0.04423518393200406 
 32.682633317602644    0.04428768255319155 
  32.70599339310996    0.04433832483508039 
 32.729353468617276   0.044387198969803386 
  32.75271354412459   0.044434393819200585 
   32.7760736196319      0.044479998773545 
 32.799433695139214   0.044524103608933684 
  32.82279377064653    0.04456679834372552 
  32.84615384615385    0.04460817309445154 
  32.86951392166116    0.04464831793159855 
  32.89287399716848    0.04468732273565863 
  32.91623407267579    0.04472527705385755 
 32.939594148183104   0.044762269957951996 
  32.96295422369042    0.04479838990347147 
  32.98631429919773     0.0448337245908005 
  33.00967437470505    0.04486836082844864 
  33.03303445021237   0.044902384398881494 
  33.05639452571968   0.044935879927240296 
 33.079754601226995    0.04496893075329694 
  33.10311467673431    0.04500161880692849 
  33.12647475224162    0.04503402448745247 
  33.14983482774894    0.04506622654706397 
  33.17319490325625      0.045098301978654 
  33.19655497876357    0.04513032590826657 
 33.219915054270885    0.04516237149240095 
   33.2432751297782    0.04519450982037819 
  33.26663520528551   0.045226809821959216 
  33.28999528079282    0.04525933818038627 
  33.31335535630014    0.04529215925098146 
 33.336715431807455   0.045325334985461305 
 33.360075507314775     0.0453589248620439 
  33.38343558282209   0.045392985821464685 
   33.4067956583294    0.04542757220895347 
  33.43015573383671    0.04546273572224527 
 33.453515809344026    0.04549852536563168 
 33.476875884851346    0.04553498741009437 
  33.50023596035866   0.045572165359504264 
  33.52359603586598    0.04561009992286891 
  33.54695611137329    0.04564882899259746 
   33.5703161868806    0.04568838762872659 
 33.593676262387916    0.04572880804904902 
  33.61703633789523    0.04577011962505424 
  33.64039641340255    0.04581234888360094 
  33.66375648890987   0.045855519514204475 
  33.68711656441718    0.04589965238182406 
 33.710476639924494   0.045944765545028805 
 33.733836715431806   0.045990874279391615 
  33.75719679093912    0.04603799110597236 
  33.78055686644643    0.04608612582472732 
  33.80391694195375    0.04613528555268831 
  33.82727701746107   0.046185474766726665 
 33.850637092968384   0.046236695350741874 
   33.8739971684757   0.046288946647077285 
  33.89735724398301    0.04634222551197961 
  33.92071731949032    0.04639652637491558 
  33.94407739499764   0.046451841301542736 
 33.967437470504954    0.04650816006013603 
 33.990797546012274   0.046565470191284264 
  34.01415762151959   0.046623757080625466 
   34.0375176970269    0.04668300403444712 
  34.06087777253421   0.046743192357934574 
 34.084237848041525    0.04680430143586064 
 34.107597923548845    0.04686630881549973 
  34.13095799905616    0.04692919029160693 
  34.15431807456348    0.04699291999320127 
  34.17767815007079    0.04705747047198966 
   34.2010382255781    0.04712281279221376 
 34.224398301085415    0.04718891662172704 
  34.24775837659273    0.04725575032409513 
  34.27111845210005    0.04732328105153715 
  34.29447852760736   0.047391474838491765 
  34.31783860311468   0.047460296695645325 
  34.34119867862199    0.04752971070419044 
 34.364558754129305    0.04759968011018068 
  34.38791882963662    0.04767016741873906 
  34.41127890514393    0.04774113448798078 
  34.43463898065125    0.04781254262244209 
  34.45799905615857    0.04788435266585273 
  34.48135913166588     0.0479565250930693 
 34.504719207173196   0.048029020100994135 
  34.52807928268051     0.0481017976983166 
  34.55143935818782    0.04817481779389977 
  34.57479943369514   0.048248040283655695 
  34.59815950920245    0.04832142513574894 
  34.62151958470977    0.04839493247395646 
 34.644879660217086    0.04846852265904536 
   34.6682397357244    0.04854215636799932 
  34.69159981123171    0.04861579467096896 
 34.714959886739024    0.04868939910577534 
 34.738319962246344    0.04876293174984425 
 34.761680037753656   0.048836355289423684 
 34.785040113260976    0.04890963308597385 
  34.80840018876829    0.04898272923956392 
   34.8317602642756    0.04905560864920521 
 34.855120339782914    0.04912823706995522 
  34.87848041529023   0.049200581166720055 
  34.90184049079755    0.04927260856463507 
  34.92520056630486   0.049344287895918756 
  34.94856064181218    0.04941558884313292 
  34.97192071731949   0.049486482178748396 
 34.995280792826804    0.04955693980094548 
  35.01864086833412    0.04962693476559133 
  35.04200094384143     0.0496964413143219 
  35.06536101934875    0.04976543489870258 
  35.08872109485607    0.04983389220040227 
  35.11208117036338    0.04990179114738442 
 35.135441245870695    0.04996911092606666 
  35.15880132137801     0.0500358319894653 
  35.18216139688532    0.05010193606132448 
  35.20552147239263    0.05016740613622996 
  35.22888154789995   0.050232226475780475 
  35.25224162340727   0.050296382600799765 
 35.275601698914585    0.05035986127969194 
   35.2989617744219    0.05042265051298535 
  35.32232184992921    0.05048473951414817 
  35.34568192543652   0.050546118686775415 
  35.36904200094384      0.050606779598246 
 35.392402076451155   0.050666714949977605 
 35.415762151958475    0.05072591854441545 
  35.43912222746579   0.050784385248889174 
   35.4624823029731    0.05084211095651607 
  35.48584237848041    0.05089909254430819 
 35.509202453987726     0.0509553278286809 
 35.532562529495046    0.05101081551855938 
  35.55592260500236    0.05106555516627639 
  35.57928268050968    0.05111954711651389 
  35.60264275601699   0.051172792453489095 
   35.6260028315243   0.051225292946646184 
 35.649362907031616   0.051277050995095025 
  35.67272298253893    0.05132806957106076 
  35.69608305804625    0.05137835216261089 
  35.71944313355356     0.0514279027159221 
  35.74280320906088    0.05147672557739062 
 35.766163284568194   0.051524825435835336 
 35.789523360075506    0.05157220726510914 
  35.81288343558282   0.051618876267392685 
  35.83624351109013   0.051664837817457905 
  35.85960358659745   0.051710097408187626 
  35.88296366210477    0.05175466059766337 
 35.906323737612084   0.051798532958054394 
   35.9296838131194   0.051841720026642134 
  35.95304388862671    0.05188422725920608 
  35.97640396413402   0.051926059986067245 
  35.99976403964134   0.051967223371024066 
 36.023124115148654   0.052007722373431556 
 36.046484190655974   0.052047561713674945 
  36.06984426616329   0.052086745842222386 
   36.0932043416706    0.05212527891249072 
  36.11656441717791    0.05216316475770612 
 36.139924492685225   0.052200406871917654 
 36.163284568192545    0.05223700839534993 
  36.18664464369986   0.052272972104188214 
  36.21000471920718   0.052308300404935996 
  36.23336479471449      0.052342995333433 
   36.2567248702218     0.0523770585586018 
 36.280084945729115    0.05241049139095365 
  36.30344502123643    0.05244329479589842 
  36.32680509674375   0.052475469411847095 
  36.35016517225106    0.05250701557305904 
  36.37352524775838    0.05253793333721662 
  36.39688532326569    0.05256822251761785 
 36.420245398773005    0.05259788271988488 
  36.44360547428032    0.05262691338307555 
  36.46696554978763   0.052655313825010666 
  36.49032562529495    0.05268308329167319 
  36.51368570080227   0.052710221010422005 
  36.53704577630958   0.052736726246835494 
 36.560405851816896    0.05276259836489961 
  36.58376592732421   0.052787836890272534 
  36.60712600283152    0.05281244157631864 
  36.63048607833884     0.0528364124725972 
  36.65384615384615    0.05285974999546495 
  36.67720622935347   0.052882455000429616 
 36.700566304860786   0.052904528855875245 
   36.7239263803681    0.05292597351777632 
  36.74728645587541    0.05294679160499673 
 36.770646531382724    0.05296698647476019 
  36.79400660689004   0.052986562297851286 
 36.817366682397356    0.05300552413313253 
 36.840726757904676     0.0530238780009433 
  36.86408683341199   0.053041630954915396 
   36.8874469089193    0.05305879115178943 
 36.910806984426614    0.05307536791877518 
  36.93416705993393    0.05309137181802174 
  36.95752713544125     0.0531068147077728 
  36.98088721094856    0.05312170979975865 
  37.00424728645588    0.05313607171245059 
  37.02760736196319    0.05314991651972714 
 37.050967437470504    0.05316326179460677 
  37.07432751297782   0.053176126647642034 
  37.09768758848513    0.05318853175964725 
  37.12104766399245    0.05320049940840791 
  37.14440773949977    0.05321205348908235 
  37.16776781500708   0.053223219527978434 
 37.191127890514394    0.05323402468948643 
  37.21448796602171   0.053244497775897834 
  37.23784804152902   0.053254669219939106 
  37.26120811703633    0.05326457106982035 
  37.28456819254365    0.05327423696668332 
  37.30792826805097    0.05328370211433129 
 37.331288343558285    0.05329300324114924 
   37.3546484190656    0.05330217855422074 
  37.37800849457291    0.05331126768559502 
  37.40136857008022   0.053320311630745715 
  37.42472864558754   0.053329352679315024 
 37.448088721094855   0.053338434338223356 
 37.471448796602175   0.053347601247274085 
  37.49480887210949    0.05335689908747774 
   37.5181689476168   0.053366374482242046 
  37.54152902312411   0.053376074891740406 
 37.564889098631426   0.053386048500683424 
 37.588249174138745    0.05339634409983912 
  37.61160924964606   0.053407010961646045 
  37.63496932515338    0.05341809871027848 
  37.65832940066069    0.05342965718658183 
    37.681689476168   0.053441736308319665 
 37.705049551675316   0.053454385926165915 
  37.72840962718263    0.05346765567594547 
  37.75176970268995   0.053481594827643135 
  37.77512977819726    0.05349625213166441 
  37.79848985370458   0.053511675662939316 
  37.82184992921189    0.05352791266339271 
 37.845210004719206   0.053545009383387646 
  37.86857008022652    0.05356301092269362 
  37.89193015573383    0.05358196107161028 
  37.91529023124115   0.053601902152812506 
  37.93865030674847    0.05362287486454317 
 37.962010382255784   0.053644918125754504 
 37.985370457763096    0.05366806892379729 
  38.00873053327041    0.05369236216525884 
  38.03209060877772   0.053717830530551285 
  38.05545068428504   0.053744504332822685 
 38.078810759792354    0.05377241138177309 
 38.102170835299674    0.05380157685293312 
  38.12553091080699    0.05383202316293892 
   38.1488909863143   0.053863769851355596 
  38.17225106182161    0.05389683346949881 
 38.195611137328925   0.053931227476813004 
 38.218971212836244   0.053966962145176746 
  38.24233128834356   0.054004044471628605 
  38.26569136385088    0.05404247809988788 
  38.28905143935819   0.054082263251036544 
   38.3124115148655   0.054123396663706726 
 38.335771590372815   0.054165871544081916 
  38.35913166588013    0.05420967752597274 
  38.38249174138745   0.054254800641210126 
  38.40585181689476    0.05430122330053432 
  38.42921189240208    0.05434892428517631 
  38.45257196790939    0.05439787874921134 
 38.475932043416705   0.054448058232800266 
  38.49929211892402    0.05449943068633062 
  38.52265219443133    0.05455196050550087 
  38.54601226993865    0.05460560857729034 
  38.56937234544597    0.05466033233671306 
  38.59273242095328    0.05471608583432422 
 38.616092496460595   0.054772819814232765 
  38.63945257196791    0.05483048180249898 
  38.66281264747522    0.05488901620567189 
  38.68617272298254   0.054948364419183396 
  38.70953279848985    0.05500846494535111 
  38.73289287399717     0.0550692535205988 
 38.756252949504486    0.05513066325159406 
   38.7796130250118    0.05519262475985969 
  38.80297310051911   0.055255066334473364 
 38.826333176026424     0.0553179140923713 
  38.84969325153374    0.05538109214580841 
 38.873053327041056   0.055444522776471376 
 38.896413402548376    0.05550812661568902 
  38.91977347805569   0.055571822830252256 
    38.943133553563   0.055635529313228356 
 38.966493629070314    0.05569916287924092 
  38.98985370457763   0.055762639463581135 
 39.013213780084946    0.05582587432459816 
  39.03657385559226    0.05588878224870511 
  39.05993393109958    0.05595127775743474 
  39.08329400660689    0.05601327531588388 
 39.106654082114204    0.05607468954194629 
  39.13001415762152    0.05613543541571221 
  39.15337423312883    0.05619542848839306 
  39.17673430863615   0.056254585090169985 
  39.20009438414347    0.05631282253638213 
  39.22345445965078   0.056370059331390686 
 39.246814535158094    0.05642621536960666 
  39.27017461066541    0.05648121213305259 
  39.29353468617272     0.0565349728849266 
  39.31689476168003    0.05658742285861735 
  39.34025483718735    0.05663848944164864 
  39.36361491269467    0.05668810235406569 
 39.386974988201985   0.056736193820748015 
   39.4103350637093    0.05678269873724719 
  39.43369513921661   0.056827554828680495 
  39.45705521472392    0.05687070280127291 
  39.48041529023124    0.05691208648622646 
 39.503775365738555    0.05695165297550609 
 39.527135441245875    0.05698935274926954 
  39.55049551675319    0.05702513979464633 
   39.5738555922605    0.05705897171560522 
  39.59721566776781   0.057090809833707706 
 39.620575743275126   0.057120619279525275 
 39.643935818782445    0.05714836907462463 
  39.66729589428976    0.05717403220392008 
  39.69065596979708    0.05719758567837889 
  39.71401604530439   0.057219010587965836 
   39.7373761208117    0.05723829214483375 
 39.760736196319016   0.057255419716753256 
  39.78409627182633     0.0572703868508292 
  39.80745634733365   0.057283191287558155 
  39.83081642284096    0.05729383496533865 
  39.85417649834828   0.057302324015564766 
  39.87753657385559    0.05730866874843061 
 39.900896649362906    0.05731288362967274 
  39.92425672487022    0.05731498724841125 
  39.94761680037753   0.057315002276352396 
  39.97097687588485    0.05731295541861122 
  39.99433695139217    0.05730887735638723 
 40.017697026899484    0.05730280268184518 
 40.041057102406796    0.05729476982547422 
  40.06441717791411    0.05728482097628487 
  40.08777725342142    0.05727300199514774 
  40.11113732892874   0.057259362321690765 
 40.134497404436054    0.05724395487507522 
 40.157857479943374   0.057226835949053555 
  40.18121755545069   0.057208065101687695 
    40.204577630958   0.057187705040136365 
  40.22793770646531    0.05716582150088652 
 40.251297781972625   0.057142483125854085 
 40.274657857479944    0.05711776133473623 
  40.29801793298726   0.057091730194027676 
  40.32137800849458    0.05706446628309851 
  40.34473808400189    0.05703604855772275 
   40.3680981595092    0.05700655821145503 
 40.391458235016515    0.05697607853523682 
  40.41481831052383    0.05694469477560124 
  40.43817838603115    0.05691249399184263 
  40.46153846153846     0.0568795649125232 
  40.48489853704578   0.056845997791627356 
  40.50825861255309   0.056811884264724964 
 40.531618688060405   0.056777317205437376 
  40.55497876356772    0.05674239058252776 
  40.57833883907503    0.05670719931788141 
  40.60169891458235    0.05667183914566408 
  40.62505899008967    0.05663640647289968 
  40.64841906559698    0.05660099824171458 
 40.671779141104295    0.05656571179346456 
  40.69513921661161    0.05653064473493992 
  40.71849929211892    0.05649589480684088 
  40.74185936762624   0.056461559754697854 
  40.76521944313355    0.05642773720236329 
  40.78857951864087    0.05639452452823503 
 40.811939594148186   0.056362018744296374 
   40.8352996696555    0.05633031637810083 
  40.85865974516281    0.05629951335775786 
  40.88201982067012   0.056269704900009904 
  40.90537989617744   0.056240985401414374 
 40.928739971684756    0.05621344833272004 
 40.952100047192076     0.0561871861363943 
  40.97546012269939    0.05616229012737054 
   40.9988201982067       0.05613885039697 
 41.022180273714014     0.0561169557199973 
 41.045540349221326    0.05609669346498234 
 41.068900424728646   0.056078149507537485 
  41.09226050023596   0.056061408146761534 
  41.11562057574328    0.05604655202466518 
  41.13898065125059    0.05603366204853953 
 41.162340726757904    0.05602281731619909 
  41.18570080226522    0.05601409504404954 
  41.20906087777253    0.05600757049785627 
  41.23242095327985    0.05600331692619747 
  41.25578102878717   0.056001405496453306 
  41.27914110429448    0.05600190523330984 
 41.302501179801794    0.05600488295963326 
  41.32586125530911    0.05601040323967907 
  41.34922133081642   0.056018528324524024 
  41.37258140632373    0.05602931809965224 
  41.39594148183105   0.056042830034604724 
  41.41930155733837   0.056059119134631075 
 41.442661632845684    0.05607823789426423 
    41.466021708353    0.05610023625273604 
  41.48938178386031   0.056125161551203444 
  41.51274185936762   0.056153058491697626 
  41.53610193487494    0.05618396909775241 
 41.559462010382255    0.05621793267667403 
 41.582822085889575   0.056254985783414584 
  41.60618216139689    0.05629516218599249 
   41.6295422369042    0.05633849283246572 
  41.65290231241151    0.05638500581942159 
 41.676262387918825    0.05643472636196644 
 41.699622463426145   0.056487676765231275 
  41.72298253893346    0.05654387639737595 
  41.74634261444078    0.05660334166410581 
  41.76970268994809    0.05666608598472554 
   41.7930627654554    0.05673211976973795 
 41.816422840962716    0.05680145040004119 
  41.83978291647003   0.056874082207728806 
  41.86314299197735    0.05695001645855489 
  41.88650306748466    0.05702925133611319 
  41.90986314299198    0.05711178192776263 
  41.93322321849929   0.057197600212375944 
 41.956583294006606    0.05728669504996356 
  41.97994336951392    0.05737905217324168 
  42.00330344502124     0.0574746541811987 
  42.02666352052855    0.05757348053475222 
 42.050023596035864    0.05767550755456339 
  42.07338367154318    0.05778070842106478 
 42.096743747050496    0.05788905317680638 
  42.12010382255781   0.058000508731189115 
  42.14346389806512    0.05811503886763079 
  42.16682397357244     0.0582326042533114 
 42.190184049079754    0.05835316245148634 
  42.21354412458707    0.05847666793652181 
 42.236904200094386    0.05860307211166734 
   42.2602642756017    0.05873232332967107 
  42.28362435110901    0.05886436691627543 
  42.30698442661633    0.05899914519669324 
 42.330344502123644    0.05913659752507148 
  42.35370457763096   0.059276660317050346 
  42.37706465313827    0.05941926708543126 
  42.40042472864559    0.05956434847900139 
   42.4237848041529    0.05971183232457665 
 42.447144879660215   0.059861643672247236 
 42.470504955167534   0.060013704843905745 
  42.49386503067485    0.06016793548502971 
  42.51722510618216    0.06032425261974048 
  42.54058518168948    0.06048257070916138 
  42.56394525719679    0.06064280171303885 
 42.587305332704105   0.060804855154617754 
  42.61066540821142    0.06096863818877504 
  42.63402548371874   0.061134055673330946 
  42.65738555922605    0.06130101024355478 
  42.68074563473336   0.061469402389758836 
  42.70410571024068    0.06163913053796352 
 42.727465785747995   0.061810091133553395 
  42.75082586125531    0.06198217872783464 
  42.77418593676262    0.06215528606743447 
  42.79754601226994   0.062329304186417196 
  42.82090608777725    0.06250412250105185 
 42.844266163284566     0.0626796289070772 
 42.867626238791885     0.0628557098793865 
   42.8909863142992    0.06303225057396943 
  42.91434638980651    0.06320913493199928 
  42.93770646531383    0.06338624578590303 
  42.96106654082114    0.06356346496729261 
 42.984426616328456    0.06374067341655244 
  43.00778669183577    0.06391775129397502 
  43.03114676734309    0.06409457809222137 
   43.0545068428504    0.06427103274997556 
 43.077866918357714    0.06444699376658307 
  43.10122699386503    0.06462233931748901 
 43.124587069372346    0.06479694737029348 
  43.14794714487966    0.06497069580124688 
  43.17130722038697     0.0651434625119313 
  43.19466729589429    0.06531512554600392 
 43.218027371401604    0.06548556320573906 
  43.24138744690892    0.06565465416818693 
 43.264747522416236    0.06582227760076373 
  43.28810759792355     0.0659883132760308 
  43.31146767343086    0.06615264168548388 
  43.33482774893818    0.06631514415215277 
 43.358187824445494    0.06647570294178126 
  43.38154789995281    0.06663420137243306 
  43.40490797546012    0.06679052392227189 
  43.42826805096744    0.06694455633537395 
  43.45162812647475    0.06709618572535737 
 43.474988201982065    0.06724530067663965 
 43.498348277489384    0.06739179134316019 
   43.5217083529967    0.06753554954439833 
  43.54506842850401    0.06767646885848885 
  43.56842850401133     0.0678144447123064 
  43.59178857951864    0.06794937446837257 
 43.615148655025955    0.06808115750839153 
  43.63850873053327    0.06820969531332961 
  43.66186880604059    0.06833489153990299 
   43.6852288815479    0.06845665209331536 
  43.70858895705521    0.06857488519619334 
  43.73194903256253    0.06868950145356557 
 43.755309108069845    0.06880041391383925 
  43.77866918357716    0.06890753812566706 
  43.80202925908447    0.06901079219065447 
  43.82538933459179    0.06911009681181558 
   43.8487494100991    0.06920537533778326 
 43.872109485606416    0.06929655380267295 
 43.895469561113735    0.06938356096162812 
  43.91882963662105     0.0694663283219936 
  43.94218971212836    0.06954479017013078 
  43.96554978763568    0.06961888359386859 
  43.98890986314299    0.06968854850061362 
 44.012269938650306    0.06975372763113714 
  44.03563001415762    0.06981436656907632 
  44.05899008966494    0.06987041374620966 
  44.08235016517225    0.06992182044352242 
 44.105710240679564    0.06996854078817012 
  44.12907031618688     0.0700105317463852 
 44.152430391694196    0.07004775311241597 
  44.17579046720151    0.07008016749358528 
  44.19915054270882    0.07010774029157131 
  44.22251061821614    0.07013043967999684 
 44.245870693723454     0.0701482365784645 
  44.26923076923077    0.07016110462313412 
 44.292590844738086    0.07016902013397407 
   44.3159509202454    0.07017196207880685 
  44.33931099575271     0.0701699120343099 
  44.36267107126003    0.07016285414405904 
 44.386031146767344    0.07015077507381455 
  44.40939122227466     0.0701336639641582 
  44.43275129778197    0.07011151238063537 
  44.45611137328929    0.07008431426157943 
   44.4794714487966    0.07005206586371962 
 44.502831524303915    0.07001476570580556 
 44.526191599811234    0.06997241451033297 
  44.54955167531855     0.0699250151435585 
  44.57291175082586    0.06987257255398212 
  44.59627182633318    0.06981509370942243 
  44.61963190184049    0.06975258753286948 
 44.642991977347805    0.06968506483725559 
  44.66635205285512    0.06961253825931295 
  44.68971212836244    0.06953502219268813 
  44.71307220386975    0.06945253272043281 
  44.73643227937706    0.06936508754706285 
  44.75979235488438    0.06927270593032435 
 44.783152430391695    0.06917540861279808 
  44.80651250589901    0.06907321775353929 
  44.82987258140632    0.06896615685984606 
  44.85323265691364    0.06885425071932738 
  44.87659273242095    0.06873752533241742 
 44.899952807928265    0.06861600784545789 
 44.923312883435585    0.06848972648448816 
   44.9466729589429    0.06835871048989373 
  44.97003303445021     0.0682229900520098 
  44.99339310995753    0.06808259624783299 
  45.01675318546484    0.06793756097895925 
 45.040113260972156    0.06778791691085255 
  45.06347333647947    0.06763369741358104 
  45.08683341198679    0.06747493650412857 
   45.1101934874941    0.06731166879035907 
  45.13355356300141    0.06714392941680315 
  45.15691363850873      0.066971754012302 
 45.180273714016046    0.06679517863965274 
  45.20363378952336    0.06661423974731423 
  45.22699386503067    0.06642897412329618 
  45.25035394053799    0.06623941885129064 
 45.273714016045304    0.06604561126913425 
 45.297074091552616     0.0658475889296912 
 45.320434167059936    0.06564538956419746 
  45.34379424256725     0.0654390510481641 
  45.36715431807456     0.0652286113698865 
  45.39051439358188    0.06501410860161459 
 45.413874469089194    0.06479558087344446 
  45.43723454459651    0.06457306634995336 
  45.46059462010382    0.06434660320966139 
  45.48395469561114    0.06411622962729693 
  45.50731477111845    0.06388198375894674 
 45.530674846625764    0.06364390373006282 
 45.554034922133084    0.06340202762638868 
   45.5773949976404    0.06315639348776324 
  45.60075507314771    0.06290703930484365 
  45.62411514865503    0.06265400301870554 
  45.64747522416234   0.062397322523342486 
 45.670835299669655    0.06213703567099965 
  45.69419537517697    0.06187318028034467 
  45.71755545068429    0.06160579414741956 
   45.7409155261916   0.061334915059344554 
  45.76427560169891    0.06106058081068607 
  45.78763567720623    0.06078282922246295 
 45.810995752713545    0.06050169816369243 
  45.83435582822086   0.060217225575407214 
  45.85771590372817    0.05992944949705518 
  45.88107597923549   0.059638408095176856 
   45.9044360547428    0.05934413969426578 
 45.927796130250115   0.059046682809677425 
 45.951156205757435   0.058746076182496866 
  45.97451628126475     0.0584423588162091 
  45.99787635677206    0.05813557001502901 
  46.02123643227938    0.05782574942377785 
  46.04459650778669   0.057512937069119564 
 46.067956583294006   0.057197173402014224 
  46.09131665880132    0.05687849934121463 
  46.11467673430864    0.05655695631764562 
  46.13803680981595   0.056232586319468814 
  46.16139688532326    0.05590543193766603 
  46.18475696083058   0.055575536411945944 
 46.208117036337896    0.05524294367676723 
  46.23147711184521     0.0549076984073178 
  46.25483718735252   0.054569846065211855 
  46.27819726285984    0.05422943294372266 
 46.301557338367154    0.05388650621234553 
 46.324917413874466    0.05354111396048437 
 46.348277489381786    0.05319330524004677 
   46.3716375648891    0.05284313010677569 
  46.39499764039641   0.052490639660052796 
  46.41835771590373   0.052135886081041624 
 46.441717791411044    0.05177892266892357 
  46.46507786691836    0.05141980387504164 
  46.48843794242567    0.05105858533476658 
  46.51179801793299    0.05069532389689006 
   46.5351580934403   0.050330077650365505 
 46.558518168947614    0.04996290594822465 
 46.581878244454934     0.0495938694284898 
  46.60523831996225   0.049223030031932756 
  46.62859839546956   0.048850451016515466 
  46.65195847097687    0.04847619696837977 
  46.67531854648419    0.04810033380924781 
 46.698678621991505    0.04772292880009498 
  46.72203869749882   0.047344050541013497 
  46.74539877300614    0.04696376896712545 
  46.76875884851345   0.046582155340490594 
  46.79211892402076    0.04619928223790538 
  46.81547899952808     0.0458152235345385 
 46.838839075035395    0.04543005438335794 
  46.86219915054271    0.04504385119029208 
  46.88555922605002   0.044656691585115114 
  46.90891930155734   0.044268654388043296 
  46.93227937706465    0.04387981957204163 
 46.955639452571965     0.0434902682208594 
 46.978999528079285   0.043100082482827914 
   47.0023596035866    0.04270934552046713 
  47.02571967909391    0.04231814145596228 
  47.04907975460123     0.0419265553125815 
  47.07243983010854    0.04153467295213244 
 47.095799905615856    0.04114258100855159 
  47.11915998112317    0.04075036681775825 
  47.14252005663049    0.04035811834389305 
   47.1658801321378    0.03996592410207954 
  47.18924020764511     0.0395738730778967 
  47.21260028315243    0.03918205464369495 
 47.235960358659746    0.03879055847196656 
  47.25932043416706    0.03839947444596124 
  47.28268050967437   0.038008892567735646 
  47.30604058518169   0.037618902863871824 
 47.329400660689004    0.03722959528908761 
 47.352760736196316    0.03684105962797153 
 47.376120811703636    0.03645338539508623 
  47.39948088721095     0.0360666617336973 
  47.42284096271826    0.03568097731338863 
  47.44620103822558    0.03529642022682237 
 47.469561113732894   0.034913077885929775 
  47.49292118924021    0.03453103691779206 
  47.51628126474752    0.03415038306051364 
  47.53964134025484    0.03377120105935041 
  47.56300141576215    0.03339357456339642 
 47.586361491269464    0.03301758602310817 
 47.609721566776784    0.03264331658895361 
   47.6330816422841    0.03227084601148141 
  47.65644171779141    0.03190025254308324 
  47.67980179329872    0.03153161284174926 
  47.70316186880604   0.031165001877080916 
 47.726521944313355    0.03080049283884954 
  47.74988201982067    0.03043815704836293 
  47.77324209532799   0.030078063872903623 
   47.7966021708353     0.0297202806435092 
  47.81996224634261   0.029364872576324322 
  47.84332232184993   0.029011902697781186 
 47.866682397357245    0.02866143177382976 
  47.89004247286456   0.028313518243441412 
  47.91340254837187    0.02796821815659179 
  47.93676262387919   0.027625585116924554 
   47.9601226993865    0.02728567022927243 
 47.983482774893815   0.026948522052207834 
 48.006842850401135    0.02661418655578471 
  48.03020292590845   0.026282707084597963 
  48.05356300141576   0.025954124326299868 
  48.07692307692308   0.025628476285671782 
  48.10028315243039    0.02530579826434973 
 48.123643227937706   0.024986122846270945 
  48.14700330344502    0.02466947988890902 
  48.17036337895234   0.024355896520327096 
  48.19372345445965   0.024045397142076732 
  48.21708352996696    0.02373800343794516 
  48.24044360547428   0.023433734388531656 
 48.263803680981596    0.02313260629162407 
  48.28716375648891   0.022834632788319383 
  48.31052383199622    0.02253982489482011 
  48.33388390750354   0.022248191039817268 
 48.357243983010854     0.0219597371073469 
 48.380604058518166   0.021674466485003752 
 48.403964134025486   0.021392380117361616 
   48.4273242095328   0.021113476564443442 
  48.45068428504011    0.02083775206506123 
  48.47404436054743   0.020565200604836433 
 48.497404436054744   0.020295813988686826 
  48.52076451156206    0.02002958191755676 
  48.54412458706937   0.019766492069154658 
  48.56748466257669    0.01950653018244174 
    48.590844738084    0.01924968014560679 
 48.614204813591314   0.018995924087254163 
 48.637564889098634   0.018745242470509002 
  48.66092496460595   0.018497614189749177 
  48.68428504011326    0.01825301666965062 
  48.70764511562057   0.018011425966236786 
  48.73100519112789   0.017772816869602238 
 48.754365266635205   0.017537163007990738 
  48.77772534214252   0.017304436952888295 
  48.80108541764984   0.017074610324804097 
  48.82444549315715   0.016847653899390407 
  48.84780556866446   0.016623537713573888 
  48.87116564417178    0.01640223117135259 
 48.894525719679095    0.01618370314892647 
  48.91788579518641    0.01596792209882424 
  48.94124587069372   0.015754856152700204 
  48.96460594620104   0.015544473222474143 
  48.98796602170835   0.015336741099499772 
 49.011326097215665    0.01513162755144908 
 49.034686172722985   0.014929100416612192 
   49.0580462482303   0.014729127695325106 
  49.08140632373761   0.014531677638242223 
  49.10476639924493    0.01433671883118929 
  49.12812647475224   0.014144220276341147 
 49.151486550259555   0.013954151469485063 
  49.17484662576687   0.013766482473150725 
  49.19820670127419   0.013581183985387612 
   49.2215667767815   0.013398227404013386 
  49.24492685228881   0.013217584886146168 
  49.26828692779613   0.013039229402875423 
 49.291647003303446   0.012863134788930529 
  49.31500707881076   0.012689275787232265 
  49.33836715431807   0.012517628088228684 
  49.36172722982539    0.01234816836394015 
   49.3850873053327   0.012180874296657608 
 49.408447380840016   0.012015724602256346 
 49.431807456347336   0.011852699048113249 
  49.45516753185465   0.011691778465631223 
  49.47852760736196   0.011532944757398012 
  49.50188768286928   0.011376180899027635 
 49.525247758376594    0.01122147093575019 
 49.548607833883906    0.01106879997383581 
  49.57196790939122   0.010918154166964662 
  49.59532798489854   0.010769520697661824 
  49.61868806040585    0.01062288775394556 
 49.642048135913164    0.01047824450134945 
 49.665408211420484    0.01033558105049429 
   49.6887682869278   0.010194888420409049 
  49.71212836243511   0.010056158497806507 
  49.73548843794242   0.009919383992539152 
  49.75884851344974    0.00978455838947374 
 49.782208588957054   0.009651675897032584 
  49.80556866446437   0.009520731392662402 
  49.82892873997169   0.009391720365501921 
    49.852288815479   0.009264638856527504 
  49.87564889098631   0.009139483396462866 
  49.89900896649363   0.009016250941747142 
 49.922369042000945     0.0088949388088582 
  49.94572911750826   0.008775544607293505 
  49.96908919301557    0.00865806617151271 
  49.99244926852289   0.008542501492147619 
   50.0158093440302   0.008428848646782531 
 50.039169419537515   0.008317105730611058 
 50.062529495044835   0.008207270787268113 
  50.08588957055215   0.008099341740133955 
  50.10924964605946   0.007993316324402363 
  50.13260972156678   0.007889192020196428 
  50.15596979707409  0.0077869659870104906 
 50.179329872581405   0.007686634999744594 
  50.20268994808872   0.007588195386591961 
  50.22605002359604    0.00749164296902589 
  50.24941009910335   0.007396973004121927 
  50.27277017461066   0.007304180129439201 
  50.29613025011798   0.007213258310669061 
 50.319490325625296   0.007124200792248294 
  50.34285040113261  0.0070370000511151675 
  50.36621047663992   0.006951647753774598 
  50.38957055214724   0.006868134716820406 
  50.41293062765455   0.006786450871046946 
 50.436290703161866  0.0067065852292647506 
 50.459650778669186  0.0066285258579192865 
   50.4830108541765   0.006552259852592538 
  50.50637092968381   0.006477773317449829 
  50.52973100519113   0.006405051348679503 
 50.553091080698444   0.006334078021950451 
 50.576451156205756   0.006264836383900523 
  50.59981123171307    0.00619730844764768 
  50.62317130722039    0.00613147519230046 
   50.6465313827277   0.006067316566428529 
 50.669891458235014   0.006004811495434906 
 50.693251533742334    0.00594393789276065 
  50.71661160924965   0.005884672674832259 
  50.73997168475696   0.005826991779652108 
  50.76333176026427    0.00577087018891596 
  50.78669183577159   0.005716281953528947 
 50.810051911278904   0.005663200222379931 
  50.83341198678622   0.005611597274221946 
  50.85677206229354   0.005561444552496401 
  50.88013213780085   0.005512712702928188 
  50.90349221330816   0.005465371613711819 
  50.92685228881548  0.0054193904580990306 
 50.950212364322795   0.005374737739192718 
  50.97357243983011   0.005331381336746123 
  50.99693251533742   0.005289288555761038 
  51.02029259084474   0.005248426176675538 
  51.04365266635205   0.005208760506928398 
 51.067012741859365   0.005170257433686517 
 51.090372817366685  0.0051328824775195205 
    51.113732892874   0.005096600846807529 
  51.13709296838131   0.005061377492667916 
  51.16045304388863   0.005027177164189888 
  51.18381311939594   0.004993964463768048 
 51.207173194903255   0.004961703902330337 
  51.23053327041057  0.0049303599542604324 
  51.25389334591789   0.004899897111820322 
   51.2772534214252    0.00487027993888442 
  51.30061349693251   0.004841473123804013 
  51.32397357243983  0.0048134415312285845 
 51.347333647947146  0.0047861502527182034 
  51.37069372345446   0.004759564655990652 
  51.39405379896177   0.004733650432655046 
  51.41741387446909   0.004708373644295418 
   51.4407739499764   0.004683700766774909 
 51.464134025483716   0.004659598732645147 
 51.487494100991036   0.004636034971552405 
  51.51085417649835   0.004612977448546641 
  51.53421425200566   0.004590394700206822 
  51.55757432751298   0.004568255868511474 
 51.580934403020294   0.004546530732389833 
 51.604294478527606   0.004525189736904431 
  51.62765455403492   0.004504204020024237 
  51.65101462954224  0.0044835454369599615 
  51.67437470504955  0.0044631865820435246 
 51.697734780556864  0.0044431008081444665 
 51.721094856064184   0.004423262243626235 
   51.7444549315715   0.004403645806856241 
  51.76781500707881   0.004384227218291943 
  51.79117508258612   0.004364983010176518 
  51.81453515809344   0.004345890533884783 
 51.837895233600754   0.004326927964969744 
  51.86125530910807   0.004308074305968615 
  51.88461538461539   0.004289309387033155 
   51.9079754601227   0.004270613864458293 
  51.93133553563001   0.004251969217187962 
  51.95469561113733  0.0042333577413840575 
 51.978055686644645   0.004214762543149356 
  52.00141576215196    0.00419616752950088 
  52.02477583765927    0.00417755739769316 
  52.04813591316659   0.004158917622996532 
   52.0714959886739   0.004140234445036352 
 52.094856064181215   0.004121494852804349 
 52.118216139688535   0.004102686568452548 
  52.14157621519585   0.004083798029984263 
  52.16493629070316   0.004064818372955135 
  52.18829636621048   0.004045737411299386 
  52.21165644171779   0.004026545617395455 
 52.235016517225105   0.004007234101484244 
  52.25837659273242   0.003987794590552617 
  52.28173666823974  0.0039682194067929095 
  52.30509674374705   0.003948501445746609 
  52.32845681925436   0.003928634154238584 
  52.35181689476168   0.003908611508204712 
 52.375176970268996  0.0038884279905126422 
  52.39853704577631  0.0038680785688714587 
  52.42189712128362   0.003847558673922848 
  52.44525719679094   0.003826864177600554 
  52.46861727229825   0.003805991371842088 
 52.491977347805566  0.0037849369477299362 
 52.515337423312886   0.003763697975136783 
   52.5386974988202   0.003742271882941477 
  52.56205757432751  0.0037206564398790665 
  52.58541764983483  0.0036988497360822443 
 52.608777725342144  0.0036768501653650773 
 52.632137800849456   0.003654656408295679 
  52.65549787635677   0.003632267416097567 
  52.67885795186409  0.0036096823954144676 
   52.7022180273714   0.003586900793967668 
 52.725578102878714    0.00356392228712834 
 52.748938178386034  0.0035407467654237517 
  52.77229825389335  0.0035173743229881477 
  52.79565832940066  0.0034938052469659898 
  52.81901840490797   0.003470040007868943 
  52.84237848041529  0.0034460792508824766 
 52.865738555922604  0.0034219237881144013 
  52.88909863142992    0.00339757459177104 
  52.91245870693724   0.003373032788244238 
  52.93581878244455  0.0033482996530863405 
  52.95917885795186   0.003323376606847026 
  52.98253893345918  0.0032982652117419433 
 53.005899008966495  0.0032729671691195126 
  53.02925908447381   0.003247484317688368 
  53.05261915998112   0.003221818632465698 
  53.07597923548844  0.0031959722244031983 
  53.09933931099575  0.0031699473406454296 
 53.122699386503065  0.0031437463653723697 
 53.146059462010385  0.0031173718211768386 
   53.1694195375177  0.0030908263709252216 
  53.19277961302501  0.0030641128200488087 
  53.21613968853233  0.0030372341192119946 
  53.23949976403964   0.003010193367302294 
 53.262859839546955    0.00298299381468766 
  53.28621991505427  0.0029556388666851056 
  53.30957999056159  0.0029281320871855504 
   53.3329400660689   0.002900477202379947 
  53.35630014157621  0.0028726781045318663 
  53.37966021708353  0.0028447388557428627 
 53.403020292590845   0.002816663691658418 
  53.42638036809816  0.0027884570250626714 
  53.44974044360547   0.002760123449312033 
  53.47310051911279   0.002731667741559894 
   53.4964605946201   0.002703094865726096 
 53.519820670127416   0.002674409975166749 
 53.543180745634736  0.0026456184150029437 
  53.56654082114205  0.0026167257240688442 
  53.58990089664936    0.00258773763644205 
  53.61326097215668   0.002558660082522558 
  53.63662104766399   0.002529499189628617 
 53.659981123171306   0.002500261282081369 
  53.68334119867862  0.0024709528807528892 
  53.70670127418594   0.002441580702055119 
  53.73006134969325  0.0024121516563510343 
 53.753421425200564  0.0023826728457716478 
 53.776781500707884  0.0023531515614263207 
 53.800141576215196  0.0023235952799971525 
  53.82350165172251  0.0022940116597106206 
  53.84686172722982  0.0022644085356838943 
  53.87022180273714   0.002234793914645845 
 53.893581878244454  0.0022051759690357975 
  53.91694195375177  0.0021755630304865687 
  53.94030202925909  0.0021459635827011177 
   53.9636621047664   0.002116386253734958 
  53.98702218027371  0.0020868398076996095 
  54.01038225578103  0.0020573331359046874 
 54.033742331288344  0.0020278752474593145 
  54.05710240679566    0.00199847525935558 
  54.08046248230297    0.00196914238605948 
  54.10382255781029  0.0019398859286367546 
   54.1271826333176   0.001910715263443265 
 54.150542708824915  0.0018816398304111804 
 54.173902784332235  0.0018526691209644845 
  54.19726285983955  0.0018238126655983746 
  54.22062293534686  0.0017950800211589328 
  54.24398301085418  0.0017664807578602274 
  54.26734308636149  0.0017380244460777805 
 54.290703161868805  0.0017097206429573858 
  54.31406323737612     0.0016815788788796 
  54.33742331288344  0.0016536086438204373 
  54.36078338839075  0.0016258193736493037 
  54.38414346389806  0.0015982204364050627 
  54.40750353940538  0.0015708211185917697 
 54.430863614912695  0.0015436306115346069 
  54.45422369042001  0.0015166579978368026 
  54.47758376592732    0.00148991223797775 
  54.50094384143464  0.0014634021570914273 
  54.52430391694195  0.0014371364319641319 
 54.547663992449266   0.001411123578288731 
 54.571024067956586   0.001385371938212418 
   54.5943841434639  0.0013598896682127737 
  54.61774421897121  0.0013346847273366653 
  54.64110429447853  0.0013097648658337918 
  54.66446436998584  0.0012851376142162078 
 54.687824445493156  0.0012608102727727194 
  54.71118452100047  0.0012367899015656519 
  54.73454459650779  0.0012130833109354276 
   54.7579046720151  0.0011896970525365493 
 54.781264747522414   0.001166637410926409 
 54.804624823029734  0.0011439103957265394 
 54.827984898537046  0.0011215217343735712 
  54.85134497404436  0.0010994768654749828 
  54.87470504955167  0.0010777809327828325 
  54.89806512505899  0.0010564387797960763 
 54.921425200566304  0.0010354549450000818 
  54.94478527607362   0.001014833657749649 
  54.96814535158094  0.0009945788347996234 
  54.99150542708825  0.0009746940774850001 
  55.01486550259556  0.0009551826695500865 
  55.03822557810288  0.0009360475756244129 
 55.061585653610194  0.0009172914403405742 
  55.08494572911751  0.0008989165880873723 
  55.10830580462482   0.000880925023389491 
  55.13166588013214  0.0008633184319029338 
  55.15502595563945  0.0008460981820135235 
 55.178386031146765   0.000829265327023887 
 55.201746106654085  0.0008128206079127228 
   55.2251061821614  0.0007967644566481374 
  55.24846625766871  0.0007810970000354551 
  55.27182633317603  0.0007658180640783375 
  55.29518640868334  0.0007509271788305044 
 55.318546484190655  0.0007364235837140167 
  55.34190655969797  0.0007223062332789782 
  55.36526663520529  0.0007085738033781791 
   55.3886267107126  0.0006952246977292784 
  55.41198678621991  0.0006822570548361467 
  55.43534686172723  0.0006696687552402643 
 55.458706937234545  0.0006574574290722479 
  55.48206701274186   0.000645620463873054 
  55.50542708824917  0.0006341550126540325 
  55.52878716375649  0.0006230580021644936 
   55.5521472392638   0.000612326141335397 
 55.575507314771116  0.0006019559298675422 
 55.598867390278436  0.0005919436669327865 
  55.62222746578575  0.0005822854599568706 
  55.64558754129306  0.0005729772334527932 
  55.66894761680038  0.0005640147378739291 
  55.69230769230769  0.0005553935584568468 
 55.715667767815006  0.0005471091240241052 
  55.73902784332232  0.0005391567157183725 
  55.76238791882964  0.0005315314756398349 
  55.78574799433695  0.0005242284153600471 
 55.809108069844264  0.0005172424242862643 
 55.832468145351584  0.0005105682778517039 
 55.855828220858896  0.0005042006455083818 
  55.87918829636621  0.0004981340985005146 
  55.90254837187352  0.0004923631173981502 
  55.92590844738084 0.00048688209937208674 
 55.949268522888154 0.00048168536519293783 
  55.97262859839547   0.000476767165938867 
  55.99598867390279 0.00047212168939838407 
   56.0193487494101  0.0004677430661564198 
  56.04270882491741  0.0004636253753538466 
  56.06606890042473  0.0004597626501125985 
 56.089428975932044 0.00045614888262053224 
  56.11278905143936 0.00045277802887219953 
  56.13614912694667   0.000449644013063807 
  56.15950920245399 0.00044674073164266154 
   56.1828692779613 0.00044406205701347955 
 56.206229353468615 0.00044160184090599405 
 56.229589428975935  0.0004393539174103446 
  56.25294950448325   0.000437312105688708 
  56.27630957999056  0.0004354702123736116 
  56.29966965549788  0.0004338220336652678 
  56.32302973100519 0.00043236135714211366 
 56.346389806512505 0.00043108196330053194 
  56.36974988201982  0.0004299776268413469 
  56.39310995752714  0.0004290421177223769 
  56.41647003303445  0.0004282692019977288 
  56.43983010854176 0.00042765264246592523 
  56.46319018404908  0.0004271861991502061 
 56.486550259556395 0.00042686362963543833 
  56.50991033506371  0.0004266786892870661 
  56.53327041057102   0.000426625131378355 
  56.55663048607834  0.0004266967071528222 
  56.57999056158565  0.0004268871658493263 
 56.603350637092966  0.0004271902547175457 
 56.626710712600286 0.00042759971905183844 
   56.6500707881076 0.00042810930227140157 
  56.67343086361491 0.00042871274607452745 
  56.69679093912223 0.00042940379069435626 
  56.72015101462954  0.0004301761752830602 
 56.743511090136856 0.00043102363845057886 
  56.76687116564417  0.0004319399189832568 
  56.79023124115149 0.00043291875676662085 
   56.8135913166588 0.00043395389393526397 
 56.836951392166114 0.00043503907627153983 
 56.860311467673434 0.00043616805487307816 
 56.883671543180746 0.00043733458810754584 
  56.90703161868806  0.0004385324438711883 
  56.93039169419537  0.0004397554021657042 
  56.95375176970269  0.0004409972580059667 
 56.977111845210004 0.00044225182466882835 
  57.00047192071732 0.00044351293729100053 
  57.02383199622464 0.00044477445682156923 
  57.04719207173195  0.0004460302743322923 
  57.07055214723926 0.00044727431568622044 
  57.09391222274658 0.00044850054656273155 
 57.117272298253894  0.0004497029778343652 
  57.14063237376121  0.0004508756712883194 
  57.16399244926852 0.00045201274568282843 
  57.18735252477584 0.00045310838312606817 
  57.21071260028315 0.00045415683576271017 
 57.234072675790465  0.0004551524327506885 
 57.257432751297785  0.0004560895875084128 
   57.2807928268051 0.00045696280521022976 
  57.30415290231241  0.0004577666905057395 
  57.32751297781973 0.00045849595543642746 
  57.35087305332704 0.00045914542752106954 
 57.374233128834355  0.0004597100579795121 
  57.39759320434167   0.000460184930062722 
  57.42095327984899 0.00046056526745544285 
   57.4443133553563 0.00046084644271646234 
  57.46767343086361  0.0004610239857202912 
  57.49103350637093  0.0004610935920630764 
 57.514393581878245  0.0004610511313948156 
  57.53775365738556 0.00046089265563934134 
  57.56111373289287 0.00046061440706320593 
  57.58447380840019  0.0004602128261544699 
   57.6078338839075   0.000459684559272462 
 57.631193959414816 0.00045902646602990674 
 57.654554034922135  0.0004582356263693257 
  57.67791411042945  0.0004573093472963901 
  57.70127418593676 0.00045624516923383293 
  57.72463426144408  0.0004550408719607435 
  57.74799433695139  0.0004536944801034204 
 57.771354412458706 0.00045220426814554493 
  57.79471448796602  0.0004505687649272206 
  57.81807456347334 0.00044878675760435876 
  57.84143463898065 0.00044685729504201463 
 57.864794714487964 0.00044477969061755904 
  57.88815478999528 0.00044255352441199667 
 57.911514865502596 0.00044017864477027986 
  57.93487494100991 0.00043765516921414997 
  57.95823501651722  0.0004349834846938064 
  57.98159509202454  0.0004321642471675568 
 58.004955167531854 0.00042919838050152514 
  58.02831524303917  0.0004260870746844731 
 58.051675318546486 0.00042283178335580387 
   58.0750353940538 0.00041943422064785285 
  58.09839546956111  0.0004158963573465678 
  58.12175554506843  0.0004122204163777603 
 58.145115620575744   0.000408408867629017 
  58.16847569608306  0.0004044644221203396 
  58.19183577159037 0.00040039002553943795 
  58.21519584709769 0.00039618885116036475 
    58.238555922605  0.0003918642921668989 
 58.261915998112315  0.0003874199534046157 
 58.285276073619634 0.00038285964258807773 
  58.30863614912695  0.0003781873609918654 
  58.33199622463426 0.00037340729365631435 
  58.35535630014157 0.00036852379914087017 
  58.37871637564889 0.00036354139885976054 
 58.402076451156205  0.0003584647660363647 
  58.42543652666352 0.00035329871431408834 
  58.44879660217084  0.0003480481860628826 
  58.47215667767815 0.00034271824042157435 
  58.49551675318546  0.0003373140411170334 
  58.51887682869278  0.0003318408441019439 
 58.542236904200095  0.0003263039850533377 
  58.56559697970741 0.00032070886677432414 
  58.58895705521472  0.0003150609465415331 
  58.61231713072204 0.00030936572344060454 
  58.63567720622935 0.00030362872573173123 
 58.659037281736666 0.00029785549828668673 
 58.682397357243985 0.00029205159013810195 
   58.7057574327513 0.00028622254218078284 
  58.72911750825861  0.0002803738750637845 
  58.75247758376593  0.0002745110773107471 
  58.77583765927324 0.00026863959370455274 
 58.799197734780556 0.00026276481397078733 
  58.82255781028787 0.00025689206179288027 
  58.84591788579519 0.00025102658418989606 
   58.8692779613025  0.0002451735412860785 
 58.892638036809814 0.00023933799649918834 
  58.91599811231713 0.00023352490717259907 
 58.939358187824446   0.000227739115673893 
  58.96271826333176  0.0002219853409804484 
  58.98607833883907 0.00021626817077024697 
  59.00943841434639 0.00021059205403374423 
 59.032798489853704 0.00020496129422033134 
  59.05615856536102 0.00019938004293049535 
 59.079518640868336 0.00019385229416248495 
  59.10287871637565 0.00018838187911988228 
  59.12623879188296  0.0001829724615841514 
  59.14959886739028  0.0001776275338539992 
 59.172958942897594 0.00017235041325108514 
  59.19631901840491 0.00016714423918944067 
  59.21967909391222  0.0001620119708038873 
  59.24303916941954  0.0001569563851306374 
  59.26639924492685 0.00015198007583136985 
 59.289759320434165 0.00014708545245014395 
 59.313119395941484  0.0001422747401908279 
   59.3364794714488 0.00013754998020100055 
  59.35983954695611 0.00013291303034675052 
  59.38319962246342 0.00012836556646140057 
  59.40655969797074 0.00012390908404982088 
 59.429919773478055 0.00011954490042884674 
  59.45327984898537 0.00011527415728320502 
  59.47663992449269 0.00011109782361546584 
               59.5 0.00010701669906767298 
