|bandpass_frequency|      bandpass_weights|
|            double|                double|
|               GHz|                      |
|              null|                  null|
               10.0 1.6370693866649737e-17 
 10.023360075507314 1.9616798978883535e-17 
 10.046720151014629 2.3493742656052928e-17 
 10.070080226521945 2.8121551921974275e-17 
  10.09344030202926 3.3642586067959104e-17 
 10.116800377536574 4.0225594524659894e-17 
 10.140160453043888 4.8070493702018554e-17 
 10.163520528551203  5.741398678978981e-17 
 10.186880604058517   6.85361712818123e-17 
 10.210240679565834  8.176830312916199e-17 
 10.233600755073148  9.750191446921355e-17 
 10.256960830580462 1.1619951442780604e-16 
 10.280320906087777  1.384071402497707e-16 
 10.303680981595091  1.647690697832787e-16 
 10.327041057102408  1.960450570489191e-16 
 10.350401132609722 2.3313051132510203e-16 
 10.373761208117037  2.770801080922126e-16 
 10.397121283624351 3.2913539869127907e-16 
 10.420481359131665 3.9075707626319517e-16 
  10.44384143463898  4.636626602657291e-16 
 10.467201510146296  5.498704827036344e-16 
  10.49056158565361  6.517509985340674e-16 
 10.513921661160925  7.720866032466638e-16 
  10.53728173666824   9.14141325466943e-16 
 10.560641812175554 1.0817419751307755e-15 
  10.58400188768287 1.2793725723563712e-15 
 10.607361963190185 1.5122841631824501e-15 
 10.630722038697499 1.7866224510649423e-15 
 10.654082114204813 2.1095760433536443e-15 
 10.677442189712128 2.4895485366385034e-15 
 10.700802265219442  2.936358151497178e-15 
 10.724162340726759    3.4614691844509e-15 
 10.747522416234073  4.078260182655032e-15 
 10.770882491741387  4.802334476119531e-15 
 10.794242567248702  5.651879535631798e-15 
 10.817602642756016  6.648082576245243e-15 
 10.840962718263333  7.815610912223878e-15 
 10.864322793770647  9.183166807815554e-15 
 10.887682869277961 1.0784127979528888e-14 
 10.911042944785276  1.265728651274396e-14 
  10.93440302029259 1.4847700784343546e-14 
 10.957763095799905 1.7407677062728904e-14 
 10.981123171307221 2.0397899819797792e-14 
 11.004483246814535   2.38887324729597e-14 
  11.02784332232185 2.7961713320277145e-14 
 11.051203397829164 3.2711274884531606e-14 
 11.074563473336479 3.8246718794288734e-14 
 11.097923548843795  4.469448275970186e-14 
  11.12128362435111  5.220074121280445e-14 
 11.144643699858424  6.093438684871268e-14 
 11.168003775365738  7.109044670636957e-14 
 11.191363850873053  8.289399365540699e-14 
 11.214723926380369  9.660462230997778e-14 
 11.238084001887684 1.1252156758265731e-13 
 11.261444077394998  1.309895544467951e-13 
 11.284804152902312 1.5240547913164356e-13 
 11.308164228409627 1.7722603508579894e-13 
 11.331524303916941 2.0597641178083158e-13 
 11.354884379424256  2.392602109780093e-13 
 11.378244454931572  2.777707436554954e-13 
 11.401604530438886   3.22303891624339e-13 
 11.424964605946201 3.7377274120359496e-13 
 11.448324681453515 4.3322422246192075e-13 
  11.47168475696083  5.018580167774448e-13 
 11.495044832468146  5.810480281626898e-13 
  11.51840490797546  6.723667503273752e-13 
 11.541764983482775  7.776129022246178e-13 
  11.56512505899009  8.988427503049963e-13 
 11.588485134497404  1.038405586391643e-12 
  11.61184521000472 1.1989838865379938e-12 
 11.635205285512034 1.3836387390476457e-12 
 11.658565361019349 1.5958611996802704e-12 
 11.681925436526663  1.839630309667311e-12 
 11.705285512033978 2.1194785983062336e-12 
 11.728645587541294 2.4405659874555557e-12 
 11.752005663048608 2.8087631211582057e-12 
 11.775365738555923 3.2307452609021963e-12 
 11.798725814063237  3.714098016798775e-12 
 11.822085889570552 4.2674363284383565e-12 
 11.845445965077866 4.9005382676752085e-12 
  11.86880604058518 5.6244954105356366e-12 
 11.892166116092497  6.451881718370415e-12 
 11.915526191599811  7.396943080957294e-12 
 11.938886267107126  8.475809908306557e-12 
  11.96224634261444  9.706735415373058e-12 
 11.985606418121755  1.111036252682794e-11 
 12.008966493629071 1.2710022639755727e-11 
 12.032326569136385 1.4532069823021866e-11 
   12.0556866446437 1.6606254405732375e-11 
 12.079046720151014 1.8966140316417676e-11 
 12.102406795658329 2.1649570982373904e-11 
 12.125766871165645  2.469918908807252e-11 
  12.14912694667296  2.816301602623093e-11 
 12.172487022180274  3.209509745848624e-11 
 12.195847097687588  3.655622203864949e-11 
 12.219207173194903  4.161472104419176e-11 
 12.242567248702219  4.734735741537043e-11 
 12.265927324209532  5.384031352071394e-11 
 12.289287399716848   6.11902878574689e-11 
 12.312647475224162   6.95057118609506e-11 
 12.336007550731477  7.890809904319723e-11 
 12.359367626238791     8.953353981424e-11 
 12.382727701746106 1.0153435656489737e-10 
 12.406087777253422 1.1508093491423791e-10 
 12.429447852760736 1.3036374845438339e-10 
  12.45280792826805 1.4759559586655768e-10 
 12.476168003775365 1.6701407094291586e-10 
  12.49952807928268 1.8888428783473055e-10 
 12.522888154789996 2.1350188576795764e-10 
  12.54624823029731 2.4119633952830856e-10 
 12.569608305804625 2.7233460422861646e-10 
  12.59296838131194  3.073251252390101e-10 
 12.616328456819254  3.466222466934826e-10 
  12.63968853232657 3.9073105469383735e-10 
 12.663048607833884  4.402126942202411e-10 
 12.686408683341199  4.956902018381646e-10 
 12.709768758848513  5.578548995694789e-10 
 12.733128834355828  6.274733987814733e-10 
 12.756488909863144  7.053952666493851e-10 
 12.779848985370457  7.925614116718853e-10 
 12.803209060877773  8.900132488764259e-10 
 12.826569136385087  9.989027097447377e-10 
 12.849929211892402  1.120503166529796e-09 
 12.873289287399716 1.2562213455268778e-09 
  12.89664936290703 1.4076103090114044e-09 
 12.920009438414347  1.576383590967989e-09 
 12.943369513921661 1.7644305774130178e-09 
 12.966729589428976  1.973833228062856e-09 
  12.99008966493629   2.20688424231602e-09 
 13.013449740443605 2.4661067790125685e-09 
 13.036809815950921 2.7542758461926184e-09 
 13.060169891458235 3.0744414841078666e-09 
  13.08352996696555  3.429953872034329e-09 
 13.106890042472864  3.824490496984369e-09 
 13.130250117980179  4.262085530217063e-09 
 13.153610193487495  4.747161565483547e-09 
  13.17697026899481  5.284563881205124e-09 
 13.200330344502124  5.879597397250679e-09 
 13.223690420009438 6.5380665056364146e-09 
 13.247050495516753  7.266317963293127e-09 
 13.270410571024069  8.071287044006358e-09 
 13.293770646531382  8.960547155701768e-09 
 13.317130722038698  9.942363138400317e-09 
 13.340490797546012  1.102574846733474e-08 
 13.363850873053327 1.2220526594907736e-08 
 13.387210948560641 1.3537396674291364e-08 
 13.410571024067956 1.4988003916476797e-08 
 13.433931099575272  1.658501484146239e-08 
 13.457291175082586  1.834219769288042e-08 
   13.4806512505899  2.027450829372679e-08 
 13.504011326097215  2.239818162883304e-08 
  13.52737140160453 2.4730829447278368e-08 
 13.550731477111846 2.7291544184935516e-08 
  13.57409155261916  3.010100951379141e-08 
 13.597451628126475 3.3181617830353094e-08 
  13.62081170363379  3.655759500036693e-08 
 13.644171779141104 4.0255132681057114e-08 
  13.66753185464842  4.430252854504616e-08 
 13.690891930155734 4.8730334731945576e-08 
 13.714252005663049 5.3571514854152096e-08 
 13.737612081170363  5.886160988258003e-08 
 13.760972156677678  6.463891323564064e-08 
 13.784332232184994  7.094465539089357e-08 
 13.807692307692307  7.782319833285813e-08 
 13.831052383199623  8.532224014285369e-08 
 13.854412458706937  9.349303002685586e-08 
 13.877772534214252 1.0239059406537295e-07 
 13.901132609721566 1.1207397195490504e-07 
  13.92449268522888 1.2260646499365135e-07 
 13.947852760736197 1.3405589554454907e-07 
 13.971212836243511 1.4649487818634907e-07 
 13.994572911750826  1.600011027380886e-07 
  14.01793298725814 1.7465762931391513e-07 
 14.041293062765455  1.905531955336411e-07 
  14.06465313827277  2.077825359793709e-07 
 14.088013213780085 2.2644671395022806e-07 
   14.1113732892874 2.4665346552521837e-07 
 14.134733364794714  2.685175558986613e-07 
 14.158093440302029 2.9216114790330936e-07 
 14.181453515809345   3.17714182583229e-07 
 14.204813591316658  3.453147716214313e-07 
 14.228173666823974 3.7510960136670567e-07 
 14.251533742331288  4.072543481390635e-07 
 14.274893817838603  4.419141044251426e-07 
 14.298253893345919  4.792638155021665e-07 
 14.321613968853232  5.194887259534061e-07 
 14.344974044360548  5.627848354580991e-07 
 14.368334119867862  6.093593631555607e-07 
 14.391694195375177  6.594312197971345e-07 
 14.415054270882493  7.132314868092575e-07 
 14.438414346389806   7.71003901298684e-07 
 14.461774421897122  8.330053459358596e-07 
 14.485134497404436  8.995063425541431e-07 
  14.50849457291175    9.7079154820376e-07 
 14.531854648419065 1.0471602522976994e-06 
  14.55521472392638 1.1289268733845801e-06 
 14.578574799433696 1.2164214539806525e-06 
  14.60193487494101 1.3099901517898382e-06 
 14.625294950448325 1.4099957255378815e-06 
  14.64865502595564 1.5168180135458651e-06 
 14.672015101462954  1.630854403066941e-06 
  14.69537517697027 1.7525202883142584e-06 
 14.718735252477583  1.882249515012924e-06 
 14.742095327984899 2.0204948092184567e-06 
 14.765455403492213 2.1677281880591316e-06 
 14.788815478999528  2.324441349980173e-06 
 14.812175554506844 2.4911460419927474e-06 
 14.835535630014157  2.668374401368185e-06 
 14.858895705521473  2.856679269157766e-06 
 14.882255781028787 3.0566344728728804e-06 
 14.905615856536102 3.2688350756226724e-06 
 14.928975932043418  3.493897588980846e-06 
  14.95233600755073 3.7324601468411536e-06 
 14.975696083058047 3.9851826375222695e-06 
 14.999056158565361  4.252746791397241e-06 
 15.022416234072676  4.535856221356955e-06 
  15.04577630957999   4.83523641346357e-06 
 15.069136385087305  5.151634665217675e-06 
  15.09249646059462 5.4858199689477795e-06 
 15.115856536101935 5.8385828379371935e-06 
  15.13921661160925  6.210735073028725e-06 
 15.162576687116564  6.603109467596194e-06 
 15.185936762623879  7.016559448941555e-06 
 15.209296838131195  7.451958654371358e-06 
 15.232656913638507  7.910200440422348e-06 
 15.256016989145824  8.392197323949771e-06 
 15.279377064653138  8.898880354056039e-06 
 15.302737140160453  9.431198414134125e-06 
 15.326097215667769  9.990117453611379e-06 
 15.349457291175082 1.0576619649331137e-05 
 15.372817366682398 1.1191702496868196e-05 
 15.396177442189712 1.1836377832477095e-05 
 15.419537517697027 1.2511670786788409e-05 
 15.442897593204343 1.3218618671809739e-05 
 15.466257668711656 1.3958269803259957e-05 
 15.489617744218972  1.473168226075447e-05 
 15.512977819726286 1.5539922588871698e-05 
   15.5363378952336 1.6384064442668247e-05 
 15.559697970740915 1.7265187181760084e-05 
  15.58305804624823 1.8184374417662318e-05 
 15.606418121755546  1.914271251966935e-05 
  15.62977819726286   2.01412890851537e-05 
 15.653138272770175  2.118119138078782e-05 
  15.67649834827749 2.2263504761808973e-05 
 15.699858423784804 2.3389311077083657e-05 
  15.72321849929212 2.4559687068372644e-05 
 15.746578574799432 2.5775702772824333e-05 
 15.769938650306749 2.7038419938372573e-05 
 15.793298725814063 2.8348890462366194e-05 
 15.816658801321378   2.97081548643391e-05 
 15.840018876828694  3.111724080451633e-05 
 15.863378952336006 3.2577161660177164e-05 
 15.886739027843323 3.4088915172669576e-05 
 15.910099103350637  3.565348217835386e-05 
 15.933459178857952 3.7271825437344205e-05 
 15.956819254365268  3.894488857442363e-05 
  15.98017932987258  4.067359514695766e-05 
 16.003539405379897 4.2458847855131114e-05 
  16.02689948088721  4.430152791014371e-05 
 16.050259556394526 4.6202494576482764e-05 
 16.073619631901842  4.816258490457893e-05 
 16.096979707409155 5.0182613670474966e-05 
  16.12033978291647 5.2263373539415576e-05 
 16.143699858423787  5.440563547017038e-05 
   16.1670599339311   5.66101493773208e-05 
 16.190420009438412 5.8877645068493086e-05 
  16.21378008494573  6.120883347360968e-05 
 16.237140160453045  6.360440818307975e-05 
 16.260500235960357  6.606504731167765e-05 
 16.283860311467674  6.859141570454449e-05 
  16.30722038697499  7.118416750159415e-05 
 16.330580462482303   7.38439490758306e-05 
  16.35394053798962  7.657140236107422e-05 
  16.37730061349693  7.936716858358085e-05 
 16.400660689004248  8.223189241175726e-05 
  16.42402076451156  8.516622653710359e-05 
 16.447380840018877   8.81708366991088e-05 
 16.470740915526193  9.124640716550407e-05 
 16.494100991033505  9.439364667882234e-05 
  16.51746106654082  9.761329487867942e-05 
 16.540821142048138 0.00010090612920846447 
  16.56418121755545 0.00010427297231390259 
 16.587541293062763 0.00010771469993949217 
  16.61090136857008  0.0001112322493278536 
 16.634261444077396 0.00011482662812545048 
  16.65762151958471 0.00011849892379683284 
 16.680981595092025 0.00012225031354809283 
  16.70434167059934 0.00012608207475872462 
 16.727701746106654 0.00012999559591954054 
  16.75106182161397 0.00013399238807281177 
 16.774421897121282 0.00013807409674898455 
   16.7977819726286 0.00014224251439319885 
  16.82114204813591 0.00014649959327248203 
 16.844502123643228 0.00015084745885368228 
 16.867862199150544 0.00015528842363995055 
 16.891222274657856 0.00015982500145228208 
 16.914582350165173 0.00016445992214100363 
  16.93794242567249 0.00016919614671035988 
   16.9613025011798 0.00017403688283794272 
 16.984662576687118 0.00017898560076941498 
  17.00802265219443 0.00018404604956676773 
 17.031382727701747 0.00018922227368798705 
  17.05474280320906  0.0001945186298737474 
 17.078102878716376 0.00019993980431613092 
 17.101462954223692 0.00020549083008242788 
 17.124823029731004 0.00021117710476685933 
  17.14818310523832  0.0002170044083411772 
 17.171543180745637 0.00022297892117457995 
  17.19490325625295 0.00022910724219240726 
 17.218263331760262  0.0002353964071422671 
  17.24162340726758 0.00024185390693563544 
 17.264983482774895  0.0002484877060323774 
 17.288343558282207 0.00025530626083509247 
 17.311703633789524  0.0002623185380601977 
  17.33506370929684  0.0002695340330518336 
 17.358423784804152 0.00027696278800507955 
  17.38178386031147 0.00028461541006491464 
  17.40514393581878    0.00029250308926704 
 17.428504011326098 0.00030063761628757677 
  17.45186408683341  0.0003090313999683213 
 17.475224162340727  0.0003176974845853003 
 17.498584237848043  0.0003266495668284927 
 17.521944313355355 0.00033590201246151447 
  17.54530438886267  0.0003454698726307182 
 17.568664464369988  0.0003553688997941232 
   17.5920245398773 0.00036561556324148266 
 17.615384615384613 0.00037622706417793356 
  17.63874469089193 0.00038722135034476523 
 17.662104766399246  0.0003986171301520943 
  17.68546484190656 0.00041043388629951927 
 17.708824917413875  0.0004226918888622076 
  17.73218499292119 0.00043541220782123975 
 17.755545068428503 0.00044861672501856216 
  17.77890514393582 0.00046232814551823236 
 17.802265219443132   0.000476570008357698 
  17.82562529495045  0.0004913666966734648 
  17.84898537045776  0.0005067434471880912 
 17.872345445965077  0.0005227263590465013 
 17.895705521472394  0.0005393424019911805 
 17.919065596979706  0.0005566194238676278 
 17.942425672487023  0.0005745861574528063 
  17.96578574799434  0.0005932722266010475 
  17.98914582350165  0.0006127081517030836 
 18.012505899008964   0.000632925354455705 
  18.03586597451628  0.0006539561619407337 
 18.059226050023597  0.0006758338100133163 
  18.08258612553091  0.0006985924460007659 
 18.105946201038225  0.0007222671307154777 
  18.12930627654554  0.0007468938397837657 
 18.152666352052854  0.0007725094642980524 
  18.17602642756017  0.0007991518107956341 
 18.199386503067487  0.0008268596005726421 
   18.2227465785748  0.0008556724683397506 
 18.246106654082112   0.000885630960228259 
  18.26946672958943   0.000916776531155175 
 18.292826805096745  0.0009491515415566764 
 18.316186880604057   0.000982799253500053 
 18.339546956111374   0.001017763826183597 
  18.36290703161869  0.0010540903108351733 
 18.386267107126002  0.0010918246450196934 
 18.409627182633315  0.0011310136463658978 
 18.432987258140635   0.001171705005722522 
 18.456347333647948  0.0012139472797541215 
  18.47970740915526  0.0012577898829862848 
 18.503067484662576  0.0013032830793096013 
 18.526427560169893  0.0013504779729512318 
 18.549787635677205  0.0013994264989222994 
  18.57314771118452  0.0014501814129496682 
 18.596507786691838  0.0015027962808976708 
  18.61986786219915  0.0015573254676870796 
 18.643227937706463   0.001613824125717133 
  18.66658801321378  0.0016723481827939422 
 18.689948088721096  0.0017329543295692344 
  18.71330816422841  0.0017957000064932258 
 18.736668239735724   0.001860643390281435 
  18.76002831524304   0.001927843379897564 
 18.783388390750353  0.0019973595820508374 
 18.806748466257666    0.00206925229620754 
 18.830108541764986   0.002143582499112628 
   18.8534686172723  0.0022204118288188164 
  18.87682869277961   0.002299802568218741 
 18.900188768286927  0.0023818176280731448 
 18.923548843794244   0.002466520529529301 
 18.946908919301556   0.002553975386121986 
 18.970268994808873  0.0026442468852474936 
  18.99362907031619   0.002737400269102154 
   19.0169891458235  0.0028335013150739556 
 19.040349221330814  0.0029326163155764967 
  19.06370929683813   0.003034812057312819 
 19.087069372345447  0.0031401557999573217 
  19.11042944785276  0.0032487152542410684 
 19.133789523360075  0.0033605585594277025 
  19.15714959886739   0.003475754260165247 
 19.180509674374704  0.0035943712826979803 
  19.20386974988202   0.003716478910425609 
 19.227229825389337   0.003842146758791212 
  19.25058990089665    0.00397144474948517 
 19.273949976403962   0.004104443083947605 
  19.29731005191128   0.004241212216154032 
 19.320670127418595    0.00438182282466847 
 19.344030202925907   0.004526345783948833 
 19.367390278433223   0.004674852134888566 
  19.39075035394054   0.004827413054579104 
 19.414110429447852   0.004984099825279365 
 19.437470504955165   0.005144983802576985 
 19.460830580462485   0.005310136382726729 
 19.484190655969797   0.005479628969154198 
  19.50755073147711    0.00565353293810995 
 19.530910806984426   0.005831919603463351 
 19.554270882491743   0.006014860180622647 
 19.577630957999055   0.006202425749572353 
  19.60099103350637   0.006394687217016069 
 19.624351109013688    0.00659171527761537 
    19.647711184521   0.006793580374317986 
 19.671071260028313   0.007000352657764905 
  19.69443133553563   0.007212101944770977 
 19.717791411042946   0.007428897675873366 
 19.741151486550258  0.0076508088719422504 
 19.764511562057574   0.007877904089850262 
  19.78787163756489   0.008110251377196545 
 19.811231713072203   0.008347918226086009 
 19.834591788579516   0.008590971525960767 
 19.857951864086836   0.008839477515484568 
  19.88131193959415   0.009093501733482659 
  19.90467201510146   0.009353108968939358 
 19.928032090608777   0.009618363210056779 
 19.951392166116094   0.009889327592381621 
 19.974752241623406   0.010166064346003877 
 19.998112317130722   0.010448634741839359 
  20.02147239263804   0.010737099037002788 
  20.04483246814535   0.011031516419282936 
 20.068192543652664   0.011331944950736824 
  20.09155261915998   0.011638441510407643 
 20.114912694667296   0.011951061736198509 
  20.13827277017461   0.012269859965904635 
 20.161632845681925   0.012594889177434466 
  20.18499292118924   0.012926200928240447 
 20.208352996696554   0.013263845293982736 
  20.23171307220387   0.013607870806458257 
 20.255073147711187   0.013958324390815813 
   20.2784332232185   0.014315251302107144 
 20.301793298725812   0.014678695061191314 
  20.32515337423313   0.015048697390046113 
 20.348513449740445   0.015425298146523362 
 20.371873525247757    0.01580853525859542 
 20.395233600755073   0.016198444658141554 
  20.41859367626239   0.016595060214334743 
 20.441953751769702   0.016998413666675306 
 20.465313827277015   0.017408534557748344 
 20.488673902784335   0.017825450165758247 
 20.512033978291647   0.018249185436920733 
  20.53539405379896    0.01867976291778441 
 20.558754129306276     0.0191172026875703 
 20.582114204813593   0.019561522290598148 
 20.605474280320905   0.020012736668912786 
  20.62883435582822   0.020470858095191342 
 20.652194431335538    0.02093589610604111 
  20.67555450684285     0.0214078574357905 
 20.698914582350163    0.02188674595088586 
  20.72227465785748   0.022372562585019653 
 20.745634733364795    0.02286530527510058 
 20.768994808872108   0.023364968898203203 
 20.792354884379424   0.023871545209626994 
  20.81571495988674   0.024385022782201584 
 20.839075035394053    0.02490538694698779 
 20.862435110901366   0.025432619735509622 
 20.885795186408686   0.025966699823682243 
    20.909155261916     0.0265076024775774 
  20.93251533742331   0.027055299501200624 
 20.955875412930627   0.027609759186428048 
 20.979235488437944   0.028170946265275457 
 21.002595563945256   0.028738821864655505 
 21.025955639452572   0.029313343463810784 
  21.04931571495989   0.029894464854569053 
   21.0726757904672   0.030482136104602636 
 21.096035865974514   0.031076303523858248 
  21.11939594148183     0.0316769096343207 
 21.142756016989146    0.03228389314328058 
  21.16611609249646    0.03289718892026605 
 21.189476168003775    0.03351672797780279 
  21.21283624351109    0.03414243745613782 
 21.236196319018404   0.034774240612115294 
  21.25955639452572    0.03541205681230475 
 21.282916470033037    0.03605580153054657 
  21.30627654554035    0.03670538635003658 
 21.329636621047662    0.03736071897006516 
  21.35299669655498    0.03802170321752856 
 21.376356772062294    0.03868823906331354 
 21.399716847569607   0.039360222643634785 
 21.423076923076923     0.0400375462864157 
  21.44643699858424    0.04072009854276905 
 21.469797074091552    0.04140776422363746 
 21.493157149598865   0.042100424441613514 
 21.516517225106185    0.04279795665798714 
 21.539877300613497    0.04350023473501246 
  21.56323737612081    0.04420712899338677 
 21.586597451628126    0.04491850627491794 
 21.609957527135442   0.045634230010351114 
 21.633317602642755    0.04635416029228566 
  21.65667767815007    0.04707815395309837 
 21.680037753657388    0.04780606464782222 
   21.7033978291647   0.048537742941821935 
 21.726757904672013   0.049273036403173355 
  21.75011798017933    0.05001178969960827 
 21.773478055686645    0.05075384469984768 
 21.796838131193958    0.05149904057915959 
 21.820198206701274    0.05224721392896166 
  21.84355828220859   0.052998198870252165 
 21.866918357715903    0.05375182717065817 
 21.890278433223216    0.05450792836487646 
 21.913638508730536    0.05526632987824313 
  21.93699858423785    0.05602685715321889 
  21.96035865974516    0.05678933377846885 
 21.983718735252477    0.05755358162032151 
 22.007078810759793   0.058319420956280656 
 22.030438886267106    0.05908667061033871 
 22.053798961774422    0.05985514808975289 
  22.07715903728174   0.060624669723048315 
  22.10051911278905     0.0613950507988817 
 22.123879188296364   0.062166105705527996 
  22.14723926380368    0.06293764807063855 
 22.170599339310996    0.06370949090099996 
  22.19395941481831    0.06448144672200407 
 22.217319490325625    0.06525332771651125 
  22.24067956583294    0.06602494586285529 
 22.264039641340254    0.06679611307169558 
  22.28739971684757    0.06756664132145575 
 22.310759792354887    0.06833634279209527 
   22.3341198678622    0.06910502999696796 
 22.357479943369512    0.06987251591253739 
 22.380840018876828    0.07063861410572922 
 22.404200094384144    0.07140313885874702 
 22.427560169891457    0.07216590529110595 
 22.450920245398773    0.07292672947878874 
  22.47428032090609    0.07368542857033009 
 22.497640396413402    0.07444182089971466 
 22.521000471920715    0.07519572609596031 
 22.544360547428035    0.07594696518931673 
 22.567720622935347    0.07669536071400243 
  22.59108069844266    0.07744073680740664 
 22.614440773949976    0.07818291930574203 
 22.637800849457292    0.07892173583613575 
 22.661160924964605    0.07965701590514461 
  22.68452100047192    0.08038859098374075 
 22.707881075979238    0.08111629458879428 
  22.73124115148655    0.08183996236110937 
 22.754601226993863    0.08255943214011595 
  22.77796130250118    0.08327454403526385 
 22.801321378008495     0.0839851404942772 
 22.824681453515808    0.08469106636832116 
 22.848041529023124    0.08539216897429064 
  22.87140160453044    0.08608829815429794 
 22.894761680037753    0.08677930633252978 
 22.918121755545066    0.08746504856964606 
 22.941481831052386    0.08814538261486131 
   22.9648419065597    0.08882016895589523 
  22.98820198206701    0.08948927086692658 
 23.011562057574327    0.09015255445479572 
 23.034922133081643    0.09080988870351189 
 23.058282208588956    0.09146114551735149 
 23.081642284096272    0.09210619976264482 
  23.10500235960359    0.09274492930837436 
   23.1283624351109    0.09337721506584981 
 23.151722510618214    0.09400294102747454 
  23.17508258612553    0.09462199430480044 
 23.198442661632846    0.09523426516599441 
  23.22180273714016    0.09583964707276801 
 23.245162812647475    0.09643803671692025 
  23.26852288815479    0.09702933405654104 
 23.291882963662104    0.09761344235190321 
  23.31524303916942     0.0981902682011517 
 23.338603114676737    0.09875972157574352 
  23.36196319018405    0.09932171585567987 
 23.385323265691362    0.09987616786451921 
 23.408683341198678     0.1004229979041125 
 23.432043416705994    0.10096212978900879 
 23.455403492213307    0.10149349088048612 
 23.478763567720623    0.10201701212010178 
  23.50212364322794    0.10253262806262037 
 23.525483718735252    0.10304027690825135 
 23.548843794242565    0.10353990053400614 
 23.572203869749885       0.10403144452401 
 23.595563945257197     0.1045148581986579 
  23.61892402076451    0.10499009464233042 
 23.642284096271826    0.10545711072953358 
 23.665644171779142     0.1059158671492396 
 23.689004247286455    0.10636632842719212 
  23.71236432279377    0.10680846294594873 
 23.735724398301087    0.10724224296243064 
   23.7590844738084     0.1076676446227506 
 23.782444549315713    0.10808464797406653 
  23.80580462482303    0.10849323697318702 
 23.829164700330345    0.10889339949180044 
 23.852524775837658    0.10928512731792758 
 23.875884851344974    0.10966841615353015 
  23.89924492685229    0.11004326560795467 
 23.922605002359603    0.11040967918705165 
 23.945965077866916    0.11076766427775496 
 23.969325153374236    0.11111723212792622 
 23.992685228881548    0.11145839782137495 
  24.01604530438886    0.11179118024779211 
 24.039405379896177    0.11211560206757255 
 24.062765455403493    0.11243168967139235 
 24.086125530910806    0.11273947313443113 
 24.109485606418122    0.11303898616523364 
  24.13284568192544    0.11333026604915492 
  24.15620575743275    0.11361335358639137 
 24.179565832940064    0.11388829302465271 
  24.20292590844738    0.11415513198646474 
 24.226285983954696    0.11441392139130065 
  24.24964605946201       0.11466471537253 
 24.273006134969325    0.11490757118943357 
  24.29636621047664     0.1151425491344214 
 24.319726285983954    0.11536971243564516 
  24.34308636149127     0.1155891271552863 
 24.366446436998586    0.11580086208373991 
   24.3898065125059    0.11600498863000919 
 24.413166588013212    0.11620158070865855 
 24.436526663520528    0.11639071462360734 
 24.459886739027844     0.1165724689491768 
 24.483246814535157    0.11674692440882396 
 24.506606890042473    0.11691416375184666 
  24.52996696554979    0.11707427162865254 
 24.553327041057102    0.11722733446492375 
 24.576687116564415    0.11737344033518819 
 24.600047192071735    0.11751267883625698 
 24.623407267579047    0.11764514096103319 
  24.64676734308636    0.11777091897316846 
 24.670127418593676    0.11789010628303548 
 24.693487494100992    0.11800279732557649 
 24.716847569608305    0.11810908744044353 
  24.74020764511562    0.11820907275498554 
 24.763567720622937     0.1183028500705285 
  24.78692779613025    0.11839051675240546 
 24.810287871637563    0.11847217062423003 
  24.83364794714488     0.1185479098668249 
 24.857008022652195    0.11861783292222669 
 24.880368098159508    0.11868203840318246 
 24.903728173666824     0.1187406250084666 
  24.92708824917414    0.11879369144443072 
 24.950448324681453    0.11884133635302396 
 24.973808400188766    0.11888365824661061 
 24.997168475696085    0.11892075544984061 
 25.020528551203398    0.11895272604873615 
  25.04388862671071    0.11897966784719104 
 25.067248702218027    0.11900167833105353 
 25.090608777725343    0.11901885463977785 
 25.113968853232656    0.11903129354582563 
 25.137328928739972    0.11903909144169432 
  25.16068900424729    0.11904234433461515 
   25.1840490797546    0.11904114784880142 
 25.207409155261914    0.11903559723511792 
  25.23076923076923    0.11902578738798344 
 25.254129306276546     0.1190118128693436 
  25.27748938178386    0.11899376793934453 
 25.300849457291175    0.11897174659350152 
  25.32420953279849    0.11894584260597707 
 25.347569608305804    0.11891614957852123 
  25.37092968381312    0.11888276099476411 
 25.394289759320436     0.1188457702792679 
  25.41764983482775    0.11880527086091718 
  25.44100991033506    0.11876135624009422 
 25.464369985842378    0.11871412005904022 
 25.487730061349694     0.1186636561748936 
 25.511090136857007    0.11861005873464803 
 25.534450212364323     0.1185534222515798 
  25.55781028787164    0.11849384168226913 
 25.581170363378952    0.11843141250375785 
 25.604530438886265    0.11836623079001002 
 25.627890514393584    0.11829839328700896 
 25.651250589900897    0.11822799748589449 
  25.67461066540821    0.11815514169328975 
 25.697970740915526    0.11807992509822829 
 25.721330816422842    0.11800244783500616 
 25.744690891930155    0.11792281104116986 
  25.76805096743747    0.11784111691011988 
 25.791411042944787    0.11775746873759474 
   25.8147711184521    0.11767197096140875 
 25.838131193959413     0.1175847291939243 
  25.86149126946673    0.11749585024660786 
 25.884851344974045    0.11740544214615893 
 25.908211420481358    0.11731361414174961 
 25.931571495988674    0.11722047670282577 
  25.95493157149599    0.11712614150712515 
 25.978291647003303     0.1170307214184893 
  26.00165172251062    0.11693433045414235 
 26.025011798017932    0.11683708374115498 
 26.048371873525248    0.11673909746181338 
  26.07173194903256    0.11664048878777417 
 26.095092024539877    0.11654137580280477 
 26.118452100047193    0.11644187741406763 
 26.141812175554506    0.11634211325185395 
 26.165172251061822    0.11624220355790604 
 26.188532326569135     0.1161422690622772 
  26.21189240207645     0.1160424308489457 
 26.235252477583767    0.11594281021033694 
  26.25861255309108    0.11584352849103233 
 26.281972628598396    0.11574470692087617 
  26.30533270410571    0.11564646643793676 
 26.328692779613025    0.11554892750162524 
  26.35205285512034    0.11545220989645937 
 26.375412930627654      0.115356432526956 
  26.39877300613497    0.11526171320418992 
 26.422133081642283    0.11516816842457489 
   26.4454931571496     0.1150759131415203 
 26.468853232656915    0.11498506053057425 
 26.492213308164228    0.11489572174877093 
 26.515573383671544     0.1148080056888973 
 26.538933459178857    0.11472201872937422 
 26.562293534686173    0.11463786448061541 
 26.585653610193486    0.11455564352854952 
 26.609013685700802    0.11447545317619247 
 26.632373761208118    0.11439738718402324 
  26.65573383671543    0.11432153551004418 
 26.679093912222747    0.11424798405034188 
  26.70245398773006    0.11417681438096051 
 26.725814063237376    0.11410810350196579 
 26.749174138744692    0.11404192358450779 
 26.772534214252005     0.1139783417217017 
  26.79589428975932     0.1139174196841218 
 26.819254365266634     0.1138592136807691 
  26.84261444077395    0.11380377412622589 
 26.865974516281266    0.11375114541472638 
  26.88933459178858    0.11370136570201043 
 26.912694667295895     0.1136544666954779 
 26.936054742803208    0.11361047345346392 
 26.959414818310524    0.11356940419421976 
  26.98277489381784     0.1135312701151818 
 27.006134969325153    0.11349607522315595 
  27.02949504483247    0.11346381617587724 
 27.052855120339782    0.11343448213552917 
 27.076215195847098    0.11340805463455117 
  27.09957527135441     0.1133845074542704 
 27.122935346861727    0.11336380651661049 
 27.146295422369043    0.11334590978925926 
 27.169655497876356    0.11333076720456563 
 27.193015573383672    0.11331832059235346 
 27.216375648890985     0.1133085036269134 
   27.2397357243983    0.11330124178820929 
 27.263095799905617    0.11329645233749606 
  27.28645587541293    0.11329404430734595 
 27.309815950920246    0.11329391850611598 
  27.33317602642756    0.11329596753679169 
 27.356536101934875    0.11330007583019965 
  27.37989617744219     0.1133061196924339 
 27.403256252949504    0.11331396736634909 
  27.42661632845682    0.11332347910696634 
 27.449976403964133     0.1133345072705847 
  27.47333647947145    0.11334689641729727 
 27.496696554978765    0.11336048342671318 
 27.520056630486078    0.11337509762655455 
 27.543416705993394    0.11339056093377183 
 27.566776781500707    0.11340668800790167 
 27.590136857008023    0.11342328641623221 
 27.613496932515336    0.11344015681045733 
 27.636857008022652    0.11345709311438014 
 27.660217083529968    0.11347388272225128 
  27.68357715903728    0.11349030670736864 
 27.706937234544597    0.11350614004046981 
  27.73029731005191    0.11352115181750376 
 27.753657385559226    0.11353510549635551 
 27.777017461066542    0.11354775914204351 
 27.800377536573855     0.1135588656800144 
  27.82373761208117    0.11356817315705903 
 27.847097687588484    0.11357542500945479 
   27.8704577630958    0.11358036033787812 
 27.893817838603116     0.1135827141886974 
  27.91717791411043    0.11358221784122145 
 27.940537989617745     0.1135785991005565 
 27.963898065125058    0.11357158259559617 
 27.987258140632374    0.11356089008188919 
  28.01061821613969    0.11354624074893202 
 28.033978291647003    0.11352735153157714 
  28.05733836715432    0.11350393742521801 
  28.08069844266163    0.11347571180447084 
 28.104058518168948    0.11344238674495503 
  28.12741859367626    0.11340367334798376 
 28.150778669183577    0.11335928206782829 
 28.174138744690893    0.11330892304129973 
 28.197498820198206    0.11325230641937738 
 28.220858895705522    0.11318914270069491 
 28.244218971212835    0.11311914306658108 
  28.26757904672015    0.11304201971747564 
 28.290939122227467     0.1129574862104859 
  28.31429919773478    0.11286525779788087 
 28.337659273242096    0.11276505176630393 
  28.36101934874941    0.11265658777652449 
 28.384379424256725    0.11253958820349277 
  28.40773949976404    0.11241377847654765 
 28.431099575271354    0.11227888741951643 
  28.45445965077867    0.11213464759054673 
 28.477819726285983    0.11198079562147095 
   28.5011798017933    0.11181707255640604 
 28.524539877300615     0.1116432241894997 
 28.547899952807928    0.11145900140145548 
 28.571260028315244    0.11126416049468739 
 28.594620103822557    0.11105846352681505 
 28.617980179329873    0.11084167864221249 
 28.641340254837186    0.11061358040138042 
 28.664700330344502      0.110373950107773 
 28.688060405851818    0.11012257613182654 
  28.71142048135913    0.10985925423181606 
 28.734780556866447     0.1095837878712046 
  28.75814063237376    0.10929598853211808 
 28.781500707881076    0.10899567602450434 
 28.804860783388392    0.10868267879067665 
 28.828220858895705     0.1083568342046431 
  28.85158093440302    0.10801798886598316 
 28.874941009910334    0.10766599888758097 
  28.89830108541765     0.1073007301768896 
 28.921661160924966    0.10692205871015745 
  28.94502123643228    0.10652987079906387 
 28.968381311939595    0.10612406334930065 
 28.991741387446908    0.10570454411045972 
 29.015101462954224    0.10527123191672068 
  29.03846153846154    0.10482405691772699 
 29.061821613968853    0.10436296079908589 
  29.08518168947617    0.10388789699182058 
  29.10854176498348    0.10339883087032038 
 29.131901840490798     0.1028957399379913 
  29.15526191599811    0.10237861400015158 
 29.178621991505427    0.10184745532348977 
 29.201982067012743    0.10130227878150001 
 29.225342142520056    0.10074311198529688 
 29.248702218027372    0.10016999539922647 
 29.272062293534685    0.09958298244069137 
    29.295422369042    0.09898213956364635 
 29.318782444549317     0.0983675463252036 
  29.34214252005663    0.09773929543484286 
 29.365502595563946     0.0970974927857219 
  29.38886267107126    0.09644225746765063 
 29.412222746578575    0.09577372176124187 
  29.43558282208589    0.09509203111287107 
 29.458942897593204    0.09439734409008961 
  29.48230297310052    0.09368983231710463 
 29.505663048607833    0.09296968039011629 
  29.52902312411515     0.0922370857722024 
 29.552383199622465    0.09149225866759578 
 29.575743275129778     0.0907354218751908 
 29.599103350637094    0.08996681062117377 
 29.622463426144407    0.08918667237075187 
 29.645823501651723    0.08839526661895038 
 29.669183577159036    0.08759286466061543 
  29.69254365266635    0.08677974933963571 
 29.715903728173668     0.0859562147776661 
  29.73926380368098     0.0851225660825232 
 29.762623879188297    0.08427911903656224 
  29.78598395469561    0.08342619976539566 
 29.809344030202926    0.08256414438737415 
 29.832704105710242    0.08169329864428355 
 29.856064181217555    0.08081401751379572 
  29.87942425672487    0.07992666480423712 
 29.902784332232184     0.0790316127323951 
   29.9261444077395    0.07812924148494986 
 29.949504483246816    0.07721993876436947 
  29.97286455875413    0.07630409932003909 
 29.996224634261445    0.07538212446548913 
 30.019584709768758    0.07445442158260585 
 30.042944785276074    0.07352140361378723 
  30.06630486078339    0.07258348854304002 
 30.089664936290703    0.07164109886701223 
  30.11302501179802    0.07069466105707878 
  30.13638508730533      0.069744605013526 
 30.159745162812648    0.06879136351298959 
  30.18310523831996    0.06783537165030872 
 30.206465313827277    0.06687706627594553 
 30.229825389334593    0.06591688543018813 
 30.253185464841906    0.06495526777532847 
 30.276545540349222     0.0639926520270642 
 30.299905615856535    0.06302947638631927 
  30.32326569136385    0.06206617797273198 
 30.346625766871167    0.06110319226103688 
  30.36998584237848   0.060140952521571804 
 30.393345917885796    0.05917988926609688 
  30.41670599339311    0.05822042970016869 
 30.440066068900425    0.05726299718321318 
  30.46342614440774   0.056308010697482966 
 30.486786219915054    0.05535588432702683 
  30.51014629542237    0.05440702674778313 
 30.533506370929683    0.05346184072987009 
    30.556866446437    0.05252072265310795 
 30.580226521944315    0.05158406203678228 
 30.603586597451628    0.05065224108460902 
 30.626946672958944   0.049725634245783405 
 30.650306748466257    0.04880460779302551 
 30.673666823973573    0.04788951941839765 
 30.697026899480885    0.04698071784766458 
   30.7203869749882   0.046078542473906525 
 30.743747050495518    0.04518332301103706 
  30.76710712600283    0.04429537916779328 
 30.790467201510147   0.043415020342752235 
  30.81382727701746    0.04254254534083521 
 30.837187352524776    0.04167824211168608 
 30.860547428032092      0.040822387510298 
 30.883907503539405    0.03997524708013509 
  30.90726757904672    0.03913707485898646 
 30.930627654554034    0.03830811320769174 
  30.95398773006135    0.03748859266183288 
 30.977347805568666   0.036678731806404005 
  31.00070788107598    0.03587873717344656 
 31.024067956583295   0.035088803162507544 
 31.047428032090608    0.03430911198381992 
 31.070788107597924    0.03353983362392662 
  31.09414818310524    0.03278112583351639 
 31.117508258612553    0.03203313413712573 
  31.14086833411987    0.03129599186430906 
  31.16422840962718   0.030569820201870396 
 31.187588485134498   0.029854728266639798 
  31.21094856064181    0.02915081319829225 
 31.234308636149127   0.028458160271606525 
 31.257668711656443   0.027776843027565248 
 31.281028787163756   0.027106923422632098 
 31.304388862671072   0.026448451995514696 
 31.327748938178384   0.025801468050683923 
   31.3511090136857    0.02516599985790379 
 31.374469089193017   0.024542064866975265 
  31.39782916470033   0.023929669936900714 
 31.421189240207646    0.02332881157863275 
  31.44454931571496   0.022739476210560376 
 31.467909391222275   0.022161640425878253 
  31.49126946672959   0.021595271270968275 
 31.514629542236904   0.021040326533894704 
  31.53798961774422   0.020496755042149636 
 31.561349693251532    0.01996449696874583 
  31.58470976875885   0.019443484145763194 
 31.608069844266165   0.018933640384473087 
 31.631429919773478   0.018434881801152467 
 31.654789995280794   0.017947117147712726 
 31.678150070788107   0.017470248146283406 
 31.701510146295423   0.017004169826901828 
 31.724870221802735   0.016548770867470648 
  31.74823029731005    0.01610393393516597 
 31.771590372817368    0.01566953602849969 
  31.79495044832468   0.015245448819266769 
 31.818310523831997   0.014831538993604343 
  31.84167059933931   0.014427668591457743 
 31.865030674846626   0.014033695343734796 
 31.888390750353942    0.01364947300647977 
 31.911750825861255   0.013274851691423542 
  31.93511090136857   0.012909678192285945 
 31.958470976875883   0.012553796306256186 
   31.9818310523832   0.012207047150087066 
  32.00519112789051   0.011869269470292407 
 32.028551203397825   0.011540299946947729 
 32.051911278905145   0.011219973490650865 
  32.07527135441246   0.010908123532210337 
  32.09863142991978   0.010604582304681639 
  32.12199150542709   0.010309181117391495 
   32.1453515809344   0.010021750621628082 
 32.168711656441715   0.009742121067716101 
  32.19207173194903   0.009470122553212224 
  32.21543180745635    0.00920558526200599 
  32.23879188296366   0.008948339694128936 
  32.26215195847098   0.008698216886118817 
  32.28551203397829    0.00845504862180385 
 32.308872109485606   0.008218667633410687 
  32.33223218499292   0.007988907792927926 
  32.35559226050023   0.007765604293677066 
  32.37895233600755   0.007548593822082515 
  32.40231241151487   0.007337714719646301 
  32.42567248702218  0.0071328071351661314 
 32.449032562529496   0.006933713167255086 
  32.47239263803681   0.006740276997246152 
  32.49575271354412   0.006552345012585111 
  32.51911278905144   0.006369765920835399 
  32.54247286455875   0.006192390854439585 
  32.56583294006607  0.0060200734663967805 
 32.589193015573386   0.005852670017036161 
   32.6125530910807   0.005690039452076568 
  32.63591316658801  0.0055320434721834195 
 32.659273242095324  0.0053785465942399295 
 32.682633317602644   0.005229416204566553 
  32.70599339310996   0.005084522604331566 
 32.729353468617276  0.0049437390474031786 
  32.75271354412459    0.00480694177090463 
   32.7760736196319   0.004674010018740127 
 32.799433695139214   0.004544826058363443 
  32.82279377064653   0.004419275191068938 
  32.84615384615385   0.004297245756086251 
  32.86951392166116   0.004178629128763913 
  32.89287399716848   0.004063319713129885 
  32.91623407267579   0.003951214929115368 
 32.939594148183104  0.0038422151947314696 
  32.96295422369042   0.003736223903485714 
  32.98631429919773  0.0036331473973243997 
  33.00967437470505  0.0035328949353841638 
  33.03303445021237  0.0034353786588345384 
  33.05639452571968   0.003340513552087234 
 33.079754601226995  0.0032482174006458263 
  33.10311467673431  0.0031584107458637605 
  33.12647475224162  0.0030710168368727146 
  33.14983482774894  0.0029859615799388644 
  33.17319490325625  0.0029031734854964844 
  33.19655497876357  0.0028225836131027427 
 33.219915054270885   0.002744125514549996 
   33.2432751297782    0.00266773517536561 
  33.26663520528551   0.002593350954918024 
  33.28999528079282  0.0025209135253448853 
  33.31335535630014   0.002450365809506398 
 33.336715431807455   0.002381652918161226 
 33.360075507314775  0.0023147220865519834 
  33.38343558282209  0.0022495226105807907 
   33.4067956583294   0.002186005782743965 
  33.43015573383671   0.002124124827988714 
 33.453515809344026  0.0020638348396432925 
 33.476875884851346   0.002005092715565986 
  33.50023596035866  0.0019478570946464915 
  33.52359603586598   0.001892088293787951 
  33.54695611137329  0.0018377482454851918 
   33.5703161868806  0.0017848004361101177 
 33.593676262387916  0.0017332098450042255 
  33.61703633789523   0.001682942884470724 
  33.64039641340255  0.0016339673407506899 
  33.66375648890987  0.0015862523160598016 
  33.68711656441718  0.0015397681717542453 
 33.710476639924494   0.001494486472686924 
 33.733836715431806  0.0014503799328082136 
  33.75719679093912  0.0014074223620577945 
  33.78055686644643  0.0013655886145881539 
  33.80391694195375  0.0013248545383524554 
  33.82727701746107   0.001285196926086141 
 33.850637092968384  0.0012465934677009817 
   33.8739971684757  0.0012090227041098207 
  33.89735724398301  0.0011724639824908087 
  33.92071731949032  0.0011368974129974503 
  33.94407739499764  0.0011023038269144638 
 33.967437470504954  0.0010686647362560646 
 33.990797546012274  0.0010359622947978698 
  34.01415762151959  0.0010041792605314835 
   34.0375176970269  0.0009732989595255886 
  34.06087777253421  0.0009433052511751452 
 34.084237848041525  0.0009141824948172853 
 34.107597923548845  0.0008859155176889627 
  34.13095799905616  0.0008584895842006262 
  34.15431807456348  0.0008318903664964399 
  34.17767815007079  0.0008061039162709082 
   34.2010382255781  0.0007811166378103843 
 34.224398301085415  0.0007569152622250374 
  34.24775837659273  0.0007334868228383192 
  34.27111845210005  0.0007108186316984563 
  34.29447852760736  0.0006888982571763496 
  34.31783860311468   0.000667713502614572 
  34.34119867862199  0.0006472523859914839 
 34.364558754129305  0.0006275031205652172 
  34.38791882963662  0.0006084540964616691 
  34.41127890514393  0.0005900938631729221 
  34.43463898065125  0.0005724111129309642 
  34.45799905615857  0.0005553946649245882 
  34.48135913166588  0.0005390334503270978 
 34.504719207173196  0.0005233164981037962 
  34.52807928268051  0.0005082329215702084 
  34.55143935818782  0.0004937719056720755 
  34.57479943369514  0.0004799226949611981 
  34.59815950920245 0.00046667458224141023 
  34.62151958470977  0.0004540168978613516 
 34.644879660217086 0.00044193899963211966 
   34.6682397357244 0.00043043026334957634 
  34.69159981123171  0.0004194800739028691 
 34.714959886739024 0.00040907781695239905 
 34.738319962246344 0.00039921287116221943 
 34.761680037753656  0.0003898746009735397 
 34.785040113260976 0.00038105234990766144 
  34.80840018876829  0.0003727354343883739 
   34.8317602642756  0.0003649131380752796 
 34.855120339782914  0.0003575747067011854 
  34.87848041529023 0.00035070934340798417 
  34.90184049079755  0.0003443062045768337 
  34.92520056630486 0.00033835439614984336 
  34.94856064181218  0.0003328429704411949 
  34.97192071731949  0.0003277609234372585 
 34.995280792826804 0.00032309719258560415 
  35.01864086833412 0.00031884065507382036 
  35.04200094384143 0.00031498012660005755 
  35.06536101934875 0.00031150436063669655 
  35.08872109485607  0.0003084020481902824 
  35.11208117036338 0.00030566181805984294 
 35.135441245870695 0.00030327223759677173 
  35.15880132137801 0.00030122181396844273 
  35.18216139688532  0.0002994989959284845 
  35.20552147239263   0.000298092176095408 
  35.22888154789995 0.00029698969374155547 
  35.25224162340727  0.0002961798380927982 
 35.275601698914585 0.00029565085213960536 
   35.2989617744219 0.00029539093695839306 
  35.32232184992921 0.00029538825654144157 
  35.34568192543652 0.00029563094313236107 
  35.36904200094384  0.0002961071030628484 
 35.392402076451155 0.00029680482308486276 
 35.415762151958475   0.000297712177191631 
  35.43912222746579  0.0002988172339179184 
   35.4624823029731 0.00030010806410980595 
  35.48584237848041  0.0003015727491517722 
 35.509202453987726 0.00030319938963705573 
 35.532562529495046  0.0003049761144656126 
  35.55592260500236  0.0003068910903522876 
  35.57928268050968 0.00030893253172567563 
  35.60264275601699 0.00031108871099647383 
   35.6260028315243 0.00031334796917206954 
 35.649362907031616  0.0003156987267924983 
  35.67272298253893   0.000318129495160904 
  35.69608305804625  0.0003206288878399428 
  35.71944313355356 0.00032318563238391143 
  35.74280320906088  0.0003257885822745752 
 35.766163284568194 0.00032842672902734515 
 35.789523360075506 0.00033108921443287994 
  35.81288343558282   0.000333765342897696 
  35.83624351109013 0.00033644459384668253 
  35.85960358659745  0.0003391166341482879 
  35.88296366210477  0.0003417713305236514 
 35.906323737612084  0.0003443987618985326 
   35.9296838131194  0.0003469892316576214 
  35.95304388862671  0.0003495332797593494 
  35.97640396413402  0.0003520216946697428 
  35.99976403964134  0.0003544455250729209 
 36.023124115148654  0.0003567960913167347 
 36.046484190655974  0.0003590649965516096 
  36.06984426616329 0.00036124413752139893 
   36.0932043416706  0.0003633257149655369 
  36.11656441717791  0.0003653022435925963 
 36.139924492685225 0.00036716656158631585 
 36.163284568192545  0.0003689118396063582 
  36.18664464369986   0.000370531589247331 
  36.21000471920718   0.000372019670921198 
  36.23336479471449 0.00037337030112984565 
   36.2567248702218 0.00037457805909643595 
 36.280084945729115 0.00037563789272627713 
  36.30344502123643 0.00037654512386989383 
  36.32680509674375  0.0003772954528635886 
  36.35016517225106  0.0003778849623249608 
  36.37352524775838 0.00037831012018355996 
  36.39688532326569 0.00037856778192945327 
 36.420245398773005 0.00037865519206528993 
  36.44360547428032  0.0003785699847502528 
  36.46696554978763  0.0003783101836271706 
  36.49032562529495  0.0003778742008272262 
  36.51368570080227 0.00037726083514941976 
  36.53704577630958  0.0003764692694151088 
 36.560405851816896  0.0003754990670011789 
  36.58376592732421  0.0003743501675580321 
  36.60712600283152  0.0003730228819221031 
  36.63048607833884  0.0003715178862350702 
  36.65384615384615  0.0003698362152853709 
  36.67720622935347   0.000367979255090117 
 36.700566304860786  0.0003659487347385748 
   36.7239263803681 0.00036374671752089906 
  36.74728645587541  0.0003613755913685133 
 36.770646531382724  0.0003588380586351293 
  36.79400660689004 0.00035613712524933117 
 36.817366682397356  0.0003532760892725045 
 36.840726757904676  0.0003502585288974263 
  36.86408683341199 0.00034708828992500366 
   36.8874469089193 0.00034376947275835135 
 36.910806984426614 0.00034030641895493744 
  36.93416705993393  0.0003367036973789485 
  36.95752713544125 0.00033296608999719955 
  36.98088721094856  0.0003290985773629602 
  37.00424728645588 0.00032510632383280234 
  37.02760736196319 0.00032099466256233677 
 37.050967437470504 0.00031676908032694014 
  37.07432751297782 0.00031243520221391793 
  37.09768758848513  0.0003079987762325974 
  37.12104766399245 0.00030346565788848425 
  37.14440773949977  0.0002988417947674756 
  37.16776781500708  0.0002941332111753868 
 37.191127890514394 0.00028934599287742057 
  37.21448796602171 0.00028448627198122874 
  37.23784804152902   0.000279560212006075 
  37.26120811703633 0.00027457399317956275 
  37.28456819254365  0.0002695337980015756 
  37.30792826805097 0.00026444579711411563 
 37.331288343558285 0.00025931613551326505 
   37.3546484190656 0.00025415091913846626 
  37.37800849457291  0.0002489562018717625 
  37.40136857008022 0.00024373797297795138 
  37.42472864558754  0.0002385021450142734 
 37.448088721094855 0.00023325454223617947 
 37.471448796602175 0.00022800088952332825 
  37.49480887210949 0.00022274680184769389 
   37.5181689476168  0.0002174977743032112 
  37.54152902312411  0.0002122591727140525 
 37.564889098631426 0.00020703622483604086 
 37.588249174138745 0.00020183401216351143 
  37.61160924964606 0.00019665746235113262 
  37.63496932515338 0.00019151134225809082 
  37.65832940066069 0.00018640025161951432 
    37.681689476168 0.00018132861734752404 
 37.705049551675316 0.00017630068846227284 
  37.72840962718263 0.00017132053165070556 
  37.75176970268995 0.00016639202744892265 
  37.77512977819726 0.00016151886704164376 
  37.79848985370458 0.00015670454967044907 
  37.82184992921189  0.0001519523806402775 
 37.845210004719206 0.00014726546991209152 
  37.86857008022652  0.0001426467312676316 
  37.89193015573383 0.00013809888203072961 
  37.91529023124115 0.00013362444332796136 
  37.93865030674847 0.00012922574087016075 
 37.962010382255784 0.00012490490623490307 
 37.985370457763096 0.00012066387862900802 
  38.00873053327041 0.00011650440710896714 
  38.03209060877772 0.00011242805323640547 
  38.05545068428504 0.00010843619414473524 
 38.078810759792354 0.00010453002599267338 
 38.102170835299674 0.00010071056777959511 
  38.12553091080699   9.69786654973935e-05 
   38.1488909863143  9.333499659310677e-05 
  38.17225106182161  8.978007471652746e-05 
 38.195611137328925  8.631425472676075e-05 
 38.218971212836244  8.293773793192055e-05 
  38.24233128834356  7.965057753617455e-05 
  38.26569136385088  7.645268426863353e-05 
  38.28905143935819  7.334383216895474e-05 
   38.3124115148655  7.032366450489373e-05 
 38.335771590372815   6.73916997976634e-05 
  38.35913166588013  6.454733793140521e-05 
  38.38249174138745   6.17898663239659e-05 
  38.40585181689476    5.9118466136632e-05 
  38.42921189240208 5.6532218501597485e-05 
  38.45257196790939  5.403011074650383e-05 
 38.475932043416705  5.161104259648753e-05 
  38.49929211892402 4.9273832335053244e-05 
  38.52265219443133 4.7017222906053445e-05 
  38.54601226993865  4.483988794010161e-05 
  38.56937234544597  4.274043768979314e-05 
  38.59273242095328 4.0717424859103746e-05 
 38.616092496460595  3.876935031348975e-05 
  38.63945257196791  3.689466865820048e-05 
  38.66281264747522 3.5091793673456966e-05 
  38.68617272298254  3.335910359618436e-05 
  38.70953279848985 3.1694946239058434e-05 
  38.73289287399717  3.009764393868915e-05 
 38.756252949504486 2.8565498325765078e-05 
   38.7796130250118 2.7096794911032996e-05 
  38.80297310051911 2.5689807481941464e-05 
 38.826333176026424  2.434280230574936e-05 
  38.84969325153374 2.3054042135842107e-05 
 38.873053327041056 2.1821790018818037e-05 
 38.896413402548376 2.0644312900886077e-05 
  38.91977347805569  1.951988503281673e-05 
    38.943133553563 1.8446791173521482e-05 
 38.966493629070314 1.7423329593065106e-05 
  38.98985370457763  1.644781487659465e-05 
 39.013213780084946 1.5518580531323994e-05 
  39.03657385559226 1.4633981399315267e-05 
  39.05993393109958 1.3792395879348479e-05 
  39.08329400660689  1.299222796169821e-05 
 39.106654082114204 1.2231909080084048e-05 
  39.13001415762152  1.150989978550467e-05 
  39.15337423312883 1.0824691247028147e-05 
  39.17673430863615 1.0174806584957519e-05 
  39.20009438414347  9.558802042079566e-06 
  39.22345445965078  8.975267998957534e-06 
 39.246814535158094   8.42282983944214e-06 
  39.27017461066541  7.900148672750437e-06 
  39.29353468617272  7.405921918595595e-06 
  39.31689476168003  6.938883761956012e-06 
  39.34025483718735 6.4978054841380815e-06 
  39.36361491269467  6.081495676824747e-06 
 39.386974988201985  5.688800345805958e-06 
   39.4103350637093 5.3186029110665085e-06 
  39.43369513921661  4.969824109859081e-06 
  39.45705521472392  4.641421809314282e-06 
  39.48041529023124  4.332390735047099e-06 
 39.503775365738555  4.041762122101865e-06 
 39.527135441245875  3.768603294441858e-06 
  39.55049551675319  3.512017179041537e-06 
   39.5738555922605  3.271141760467649e-06 
  39.59721566776781  3.045149481660589e-06 
 39.620575743275126  2.833246596432114e-06 
 39.643935818782445  2.634672478996073e-06 
  39.66729589428976 2.4486988956391315e-06 
  39.69065596979708  2.274629243420866e-06 
  39.71401604530439 2.1117977605735495e-06 
   39.7373761208117 1.9595687130436575e-06 
 39.760736196319016 1.8173355613920374e-06 
  39.78409627182633  1.684520112038646e-06 
  39.80745634733365  1.560571656609441e-06 
  39.83081642284096 1.4449661029147371e-06 
  39.85417649834828 1.3372051008613357e-06 
  39.87753657385559 1.2368151663785747e-06 
 39.900896649362906 1.1433468062170353e-06 
  39.92425672487022 1.0563736462649124e-06 
  39.94761680037753   9.75491565815719e-07 
  39.97097687588485   9.00317840017058e-07 
  39.99433695139217  8.304902925317666e-07 
 40.017697026899484    7.6566646025104e-07 
 40.041057102406796  7.055227717147591e-07 
  40.06441717791411  6.497537407171038e-07 
  40.08777725342142  5.980711764057312e-07 
  40.11113732892874  5.502034110212791e-07 
 40.134497404436054  5.058945462702135e-07 
 40.157857479943374  4.649037191779755e-07 
  40.18121755545069  4.270043881323591e-07 
    40.204577630958 3.9198363969664914e-07 
  40.22793770646531 3.5964151665132853e-07 
 40.251297781972625 3.2979036760895305e-07 
 40.274657857479944  3.022542184413192e-07 
  40.29801793298726 2.7686816565990376e-07 
  40.32137800849458 2.5347779179981356e-07 
  40.34473808400189  2.319386027744856e-07 
   40.3680981595092 2.1211548709174143e-07 
 40.391458235016515 1.9388219675283419e-07 
  40.41481831052383 1.7712084959300782e-07 
  40.43817838603115  1.617214527657708e-07 
  40.46153846153846 1.4758144702262707e-07 
  40.48489853704578 1.3460527139521372e-07 
  40.50825861255309 1.2270394784779338e-07 
 40.531618688060405 1.1179468543374158e-07 
  40.55497876356772 1.0180050346075424e-07 
  40.57833883907503   9.26498731447686e-08 
  40.60169891458235  8.427637721239997e-08 
  40.62505899008967   7.66183868954242e-08 
  40.64841906559698  6.961875574828928e-08 
 40.671779141104295   6.32245297105939e-08 
  40.69513921661161  5.738667283057914e-08 
  40.71849929211892  5.205980806270058e-08 
  40.74185936762624 4.7201972552063086e-08 
  40.76521944313355  4.277438682065746e-08 
  40.78857951864087   3.87412372746302e-08 
 40.811939594148186  3.506947145818785e-08 
   40.8352996696555 3.1728605487723605e-08 
  40.85865974516281 2.8690543109465385e-08 
  40.88201982067012 2.5929405834871682e-08 
  40.90537989617744 2.3421373620226053e-08 
 40.928739971684756 2.1144535570075156e-08 
 40.952100047192076  1.907875015820876e-08 
  40.97546012269939   1.72055144746931e-08 
   40.9988201982067 1.5507842022793096e-08 
 41.022180273714014 1.3970148605463256e-08 
 41.045540349221326 1.2578145857213241e-08 
 41.068900424728646 1.1318741993541914e-08 
  41.09226050023596 1.0179949366638618e-08 
  41.11562057574328   9.15079843259419e-09 
  41.13898065125059  8.221257751891029e-09 
 41.162340726757904  7.382159661323327e-09 
  41.18570080226522 6.6251312717476225e-09 
  41.20906087777253  5.942530462045923e-09 
  41.23242095327985  5.327386555410724e-09 
  41.25578102878717   4.77334537944969e-09 
  41.27914110429448 4.2746184266412295e-09 
 41.302501179801794   3.82593584631008e-09 
  41.32586125530911  3.422503013513674e-09 
  41.34922133081642 3.0599604340035996e-09 
  41.37258140632373  2.734346757750322e-09 
  41.39594148183105  2.442064686365276e-09 
  41.41930155733837  2.179849572124038e-09 
 41.442661632845684 1.9447405181740123e-09 
    41.466021708353 1.7340538009045249e-09 
  41.48938178386031 1.5453584463601502e-09 
  41.51274185936762 1.3764538029941253e-09 
  41.53610193487494 1.2253489629953102e-09 
 41.559462010382255  1.090243893881552e-09 
 41.582822085889575  9.695121510448736e-10 
  41.60618216139689  8.616850504719483e-10 
   41.6295422369042  7.654371889508792e-10 
  41.65290231241151  6.795732067340827e-10 
 41.676262387918825  6.030156948605492e-10 
 41.699622463426145  5.347941561698193e-10 
  41.72298253893346  4.740349354746704e-10 
  41.74634261444078  4.199520404157485e-10 
  41.76970268994809 3.7183878021502304e-10 
   41.7930627654554  3.290601548883885e-10 
 41.816422840962716  2.910459324896445e-10 
  41.83978291647003 2.5728435665017644e-10 
  41.86314299197735  2.273164310682582e-10 
  41.88650306748466 2.0073073170275657e-10 
  41.90986314299198 1.7715870125266667e-10 
  41.93322321849929 1.5627038407141038e-10 
 41.956583294006606 1.3777056298573328e-10 
  41.97994336951392 1.2139526257861458e-10 
  42.00330344502124  1.069085863652562e-10 
  42.02666352052855  9.409985795509032e-11 
 42.050023596035864  8.278103876203232e-11 
  42.07338367154318  7.278439711246974e-11 
 42.096743747050496  6.396040571640667e-11 
  42.12010382255781 5.6175846422976344e-11 
  42.14346389806512 4.9312102987507344e-11 
  42.16682397357244   4.32636242430323e-11 
 42.190184049079754 3.7936541604321354e-11 
  42.21354412458707 3.3247426245777883e-11 
 42.236904200094386  2.912217259451995e-11 
   42.2602642756017 2.5494995974434774e-11 
  42.28362435110901 2.2307533333623518e-11 
  42.30698442661633  1.950803699350816e-11 
 42.330344502123644 1.7050652279524094e-11 
  42.35370457763096  1.489477073717131e-11 
  42.37706465313827 1.3004451409069455e-11 
  42.40042472864559 1.1347903354026272e-11 
   42.4237848041529  9.897023233223887e-12 
 42.447144879660215  8.626982376183945e-12 
 42.470504955167534  7.515858274754385e-12 
  42.49386503067485  6.544305941073692e-12 
  42.51722510618216  5.695265009268457e-12 
  42.54058518168948  4.953698864113441e-12 
  42.56394525719679 4.3063624463695645e-12 
 42.587305332704105 3.7415957171528615e-12 
  42.61066540821142  3.249140065338003e-12 
  42.63402548371874   2.81997521531374e-12 
  42.65738555922605 2.4461744398627994e-12 
  42.68074563473336  2.120776106778923e-12 
  42.70410571024068 1.8376697901643936e-12 
 42.727465785747995 1.5914953600759617e-12 
  42.75082586125531 1.3775536290839195e-12 
  42.77418593676262 1.1917272829957962e-12 
  42.79754601226994  1.030410956954584e-12 
  42.82090608777725  8.904494387221377e-13 
 42.844266163284566  7.690830894423327e-13 
 42.867626238791885  6.638996696908936e-13 
   42.8909863142992  5.727918461966311e-13 
  42.91434638980651  4.939197332162378e-13 
  42.93770646531383  4.256778930283432e-13 
  42.96106654082114  3.666662831681258e-13 
 42.984426616328456 3.1566469457350926e-13 
  43.00778669183577   2.71610275408858e-13 
  43.03114676734309 2.3357778056362006e-13 
   43.0545068428504  2.007622272319086e-13 
 43.077866918357714  1.724636730497275e-13 
  43.10122699386503 1.4807386544220778e-13 
 43.124587069372346 1.2706453951222464e-13 
  43.14794714487966 1.0897716734549927e-13 
  43.17130722038697  9.341398434196586e-14 
  43.19466729589429  8.003013840191613e-14 
 43.218027371401604  6.852682576448568e-14 
  43.24138744690892  5.864529325325627e-14 
 43.264747522416236  5.016160084461738e-14 
  43.28810759792355 4.2882051031715496e-14 
  43.31146767343086  3.663920258423405e-14 
  43.33482774893818  3.128839615749586e-14 
 43.358187824445494 2.6704727923056883e-14 
  43.38154789995281  2.278041510234405e-14 
  43.40490797546012  1.942250409702874e-14 
  43.42826805096744 1.6550877924803484e-14 
  43.45162812647475 1.4096524976838074e-14 
 43.474988201982065  1.200003579328206e-14 
 43.498348277489384 1.0210298677279395e-14 
   43.5217083529967  8.683368599647367e-15 
  43.54506842850401  7.381487042458999e-15 
  43.56842850401133  6.272233240755837e-15 
  43.59178857951864  5.327789752439598e-15 
 43.615148655025955  4.524307457052622e-15 
  43.63850873053327  3.841356990184152e-15 
  43.66186880604059 3.2614552931597043e-15 
   43.6852288815479 2.7696574255381465e-15 
  43.70858895705521 2.3532050755868825e-15 
  43.73194903256253  2.001224333421862e-15 
 43.755309108069845 1.7044662824316306e-15 
  43.77866918357716 1.4550848343521236e-15 
  43.80202925908447 1.2464469973328417e-15 
  43.82538933459179 1.0729714382401465e-15 
   43.8487494100991  9.299917924846565e-16 
 43.872109485606416  8.136416977000633e-16 
 43.895469561113735  7.207589913657191e-16 
  43.91882963662105  6.488069256653218e-16 
  43.94218971212836  5.958106233697466e-16 
  43.96554978763568  5.603073334452554e-16 
  43.98890986314299  5.413093509215303e-16 
 44.012269938650306  5.382787483098097e-16 
  44.03563001415762  5.511133311277038e-16 
  44.05899008966494  5.801434831436333e-16 
  44.08235016517225  6.261398128584955e-16 
 44.105710240679564   6.90331756417461e-16 
  44.12907031618688  7.744375384638694e-16 
 44.152430391694196  8.807061463181067e-16 
  44.17579046720151 1.0119722393142296e-15 
  44.19915054270882 1.1717251993830858e-15 
  44.22251061821614 1.3641938365603662e-15 
 44.245870693723454 1.5944485999228302e-15 
  44.26923076923077 1.8685235169104957e-15 
 44.292590844738086  2.193560499041965e-15 
   44.3159509202454 2.5779791173534757e-15 
  44.33931099575271  3.031675474968781e-15 
  44.36267107126003 3.5662543964684684e-15 
 44.386031146767344  4.195299824705769e-15 
  44.40939122227466  4.934689077177502e-15 
  44.43275129778197  5.802957479189819e-15 
  44.45611137328929  6.821720874679942e-15 
   44.4794714487966  8.016164634275228e-15 
 44.502831524303915  9.415609052686412e-15 
 44.526191599811234  1.105416247482241e-14 
  44.54955167531855 1.2971475135687272e-14 
  44.57291175082586  1.521360856968142e-14 
  44.59627182633318 1.7834037570116838e-14 
  44.61963190184049 2.0894804093034686e-14 
 44.642991977347805 2.4467845238244313e-14 
  44.66635205285512 2.8636520546882234e-14 
  44.68971212836244  3.349736737590722e-14 
  44.71307220386975  3.916211709841051e-14 
  44.73643227937706  4.576000939354801e-14 
  44.75979235488438 5.3440446997089557e-14 
 44.783152430391695  6.237603905685913e-14 
  44.80651250589901  7.276608775883473e-14 
  44.82987258140632  8.484058025101364e-14 
  44.85323265691364  9.886475619569894e-14 
  44.87659273242095  1.151443306401194e-13 
 44.899952807928265 1.3403146243704683e-13 
 44.923312883435585  1.559315703115411e-13 
   44.9466729589429 1.8131111201377007e-13 
  44.97003303445021 2.1070645699385064e-13 
  44.99339310995753 2.4473399987474595e-13 
  45.01675318546484  2.841016808964719e-13 
 45.040113260972156 3.2962210069413864e-13 
  45.06347333647947 3.8222744051318715e-13 
  45.08683341198679 4.4298642554590984e-13 
   45.1101934874941  5.131235988091373e-13 
  45.13355356300141  5.940412062245494e-13 
  45.15691363850873  6.873440306930042e-13 
 45.180273714016046   7.94867554397323e-13 
  45.20363378952336   9.18709874788037e-13 
  45.22699386503067 1.0612678512124462e-12 
  45.25035394053799  1.225278016502165e-12 
 45.273714016045304 1.4138628516468718e-12 
 45.297074091552616 1.6305830926277145e-12 
 45.320434167059936 1.8794968172917446e-12 
  45.34379424256725 2.1652261476250597e-12 
  45.36715431807456 2.4930324997995353e-12 
  45.39051439358188 2.8689014218754404e-12 
 45.413874469089194 3.2996381780853352e-12 
  45.43723454459651 3.7929753703261775e-12 
  45.46059462010382  4.357694033069087e-12 
  45.48395469561114 5.0037597987015506e-12 
  45.50731477111845 5.7424759077698945e-12 
 45.530674846625764  6.586655034269112e-12 
 45.554034922133084  7.550812111695645e-12 
   45.5773949976404  8.651380582884455e-12 
  45.60075507314771  9.906954757641042e-12 
  45.62411514865503 1.1338561248962495e-11 
  45.64747522416234 1.2969962773517058e-11 
 45.670835299669655  1.482799794744915e-11 
  45.69419537517697 1.6942961087099296e-11 
  45.71755545068429  1.934902643873658e-11 
   45.7409155261916 2.2084721714837218e-11 
  45.76427560169891 2.5193456310079574e-11 
  45.78763567720623 2.8724110111412885e-11 
 45.810995752713545  3.273168940702044e-11 
  45.83435582822086  3.727805704256762e-11 
  45.85771590372817  4.243274467387914e-11 
  45.88107597923549 4.8273855727604036e-11 
   45.9044360547428  5.488906850995846e-11 
 45.927796130250115  6.237674980332321e-11 
 45.951156205757435  7.084719026624425e-11 
  45.97451628126475  8.042397400985138e-11 
  45.99787635677206   9.12454958684228e-11 
  46.02123643227938 1.0346664111961029e-10 
  46.04459650778669 1.1726064374718202e-10 
 46.067956583294006  1.328211407822668e-10 
  46.09131665880132 1.5036444181467562e-10 
  46.11467673430864 1.7013203444123508e-10 
  46.13803680981595 1.9239334821994982e-10 
  46.16139688532326  2.174488016351209e-10 
  46.18475696083058 2.4563315865637907e-10 
 46.208117036337896  2.773192237023804e-10 
  46.23147711184521 3.1292190620527815e-10 
  46.25483718735252  3.529026885229119e-10 
  46.27819726285984 3.9777453367097475e-10 
 46.301557338367154  4.481072722544536e-10 
 46.324917413874466  5.045335110757336e-10 
 46.348277489381786  5.677551091928996e-10 
   46.3716375648891  6.385502707054817e-10 
  46.39499764039641  7.177813072633652e-10 
  46.41835771590373  8.064031272348502e-10 
 46.441717791411044  9.054725126412756e-10 
  46.46507786691836   1.01615824937373e-09 
  46.48843794242567 1.1397521808579721e-09 
  46.51179801793299 1.2776812602357253e-09 
   46.5351580934403 1.4315206812852875e-09 
 46.558518168947614 1.6030081737201105e-09 
 46.581878244454934 1.7940595541800153e-09 
  46.60523831996225  2.006785630172535e-09 
  46.62859839546956  2.243510560430375e-09 
  46.65195847097687 2.5067917816225043e-09 
  46.67531854648419 2.7994416180956675e-09 
 46.698678621991505 3.1245506983182874e-09 
  46.72203869749882 3.4855133089523083e-09 
  46.74539877300614  3.886054824973697e-09 
  46.76875884851345  4.330261361999174e-09 
  46.79211892402076  4.822611804936044e-09 
  46.81547899952808  5.368012375236002e-09 
 46.838839075035395  5.971833907394526e-09 
  46.86219915054271  6.639952013864865e-09 
  46.88555922605002 7.3787903262213355e-09 
  46.90891930155734  8.195367009198365e-09 
  46.93227937706465  9.097344753095217e-09 
 46.955639452571965 1.0093084458957446e-08 
 46.978999528079285 1.1191702839857959e-08 
   47.0023596035866 1.2403134170486065e-08 
  47.02571967909391 1.3738196426044607e-08 
  47.04907975460123 1.5208662060087633e-08 
  47.07243983010854  1.682733367937549e-08 
 47.095799905615856 1.8608124881990576e-08 
  47.11915998112317  2.056614653276153e-08 
  47.14252005663049 2.2717798757456815e-08 
   47.1658801321378  2.508086894408598e-08 
  47.18924020764511 2.7674636045963453e-08 
  47.21260028315243  3.051998148677361e-08 
 47.235960358659746 3.3639506972709525e-08 
  47.25932043416706  3.705765952068794e-08 
  47.28268050967437  4.080086401451796e-08 
  47.30604058518169  4.489766360271763e-08 
 47.329400660689004   4.93788682521633e-08 
 47.352760736196316  5.427771177093011e-08 
 47.376120811703636  5.963001761125308e-08 
  47.39948088721095  6.547437375951867e-08 
  47.42284096271826  7.185231701435884e-08 
  47.44620103822558  7.880852694604965e-08 
 47.469561113732894  8.639102982053604e-08 
  47.49292118924021  9.465141275922312e-08 
  47.51628126474752 1.0364504839099236e-07 
  47.53964134025484 1.1343133023576119e-07 
  47.56300141576215 1.2407391903889787e-07 
 47.586361491269464   1.35641000253006e-07 
 47.609721566776784 1.4820555283756136e-07 
   47.6330816422841 1.6184562951780475e-07 
  47.65644171779141  1.766446486117666e-07 
  47.67980179329872  1.926916974981279e-07 
  47.70316186880604 2.1008184775800538e-07 
 47.726521944313355 2.2891648198010077e-07 
  47.74988201982067  2.493036321712986e-07 
  47.77324209532799 2.7135832966309926e-07 
   47.7966021708353 2.9520296634873126e-07 
  47.81996224634261  3.209676670259036e-07 
  47.84332232184993  3.487906725557578e-07 
 47.866682397357245 3.7881873348014927e-07 
  47.89004247286456  4.112075136664605e-07 
  47.91340254837187   4.46122003471515e-07 
  47.93676262387919  4.837369418346619e-07 
   47.9601226993865   5.24237246623744e-07 
 47.983482774893815  5.678184524675037e-07 
 48.006842850401135  6.146871552130133e-07 
  48.03020292590845  6.650614620482934e-07 
  48.05356300141576  7.191714462278412e-07 
  48.07692307692308   7.77259605232044e-07 
  48.10028315243039  8.395813210821426e-07 
 48.123643227937706  9.064053214195238e-07 
  48.14700330344502  9.780141398418522e-07 
  48.17036337895234 1.0547045738708123e-06 
  48.19372345445965 1.1367881388053678e-06 
  48.21708352996696 1.2245915155929077e-06 
  48.24044360547428 1.3184569907266128e-06 
 48.263803680981596 1.4187428860541337e-06 
  48.28716375648891 1.5258239762587694e-06 
  48.31052383199622 1.6400918916501714e-06 
  48.33388390750354 1.7619555037804389e-06 
 48.357243983010854  1.891841291280449e-06 
 48.380604058518166 2.0301936831947834e-06 
 48.403964134025486 2.1774753769783522e-06 
   48.4273242095328 2.3341676282093035e-06 
  48.45068428504011 2.5007705089685394e-06 
  48.47404436054743 2.6778031317367637e-06 
 48.497404436054744 2.8658038355701262e-06 
  48.52076451156206 3.0653303312326195e-06 
  48.54412458706937 3.2769598018879975e-06 
  48.56748466257669 3.5012889558920325e-06 
    48.590844738084  3.738934028171724e-06 
 48.614204813591314  3.990530726639228e-06 
 48.637564889098634     4.256734120059e-06 
  48.66092496460595  4.538218463775081e-06 
  48.68428504011326  4.835676959708427e-06 
  48.70764511562057  5.149821447050407e-06 
  48.73100519112789  5.481382020117399e-06 
 48.754365266635205  5.831106569883552e-06 
  48.77772534214252   6.19976024578498e-06 
  48.80108541764984  6.588124834478904e-06 
  48.82444549315715  6.996998052358516e-06 
  48.84780556866446  7.427192748761424e-06 
  48.87116564417178   7.87953601696462e-06 
 48.894525719679095  8.354868210244119e-06 
  48.91788579518641  8.854041860482938e-06 
  48.94124587069372  9.377920497036565e-06 
  48.96460594620104  9.927377363823115e-06 
  48.98796602170835 1.0503294032879527e-05 
 49.011326097215665 1.1106558912932061e-05 
 49.034686172722985 1.1738065651849937e-05 
   49.0580462482303 1.2398711432207219e-05 
  49.08140632373761 1.3089395159552818e-05 
  49.10476639924493 1.3811015543381673e-05 
  49.12812647475224  1.456446907122597e-05 
 49.151486550259555 1.5350647876728578e-05 
  49.17484662576687 1.6170437503017768e-05 
  49.19820670127419 1.7024714563193414e-05 
   49.2215667767815  1.791434430022941e-05 
  49.24492685228881 1.8840178049122618e-05 
  49.26828692779613  1.980305060464167e-05 
 49.291647003303446  2.080377749858351e-05 
  49.31500707881076 2.1843152191002206e-05 
  49.33836715431807 2.2921943180432755e-05 
  49.36172722982539 2.4040891038715634e-05 
   49.3850873053327 2.5200705376594536e-05 
 49.408447380840016 2.6402061746848176e-05 
 49.431807456347336 2.7645598492279407e-05 
  49.45516753185465 2.8931913546465717e-05 
  49.47852760736196 3.0261561195740497e-05 
  49.50188768286928  3.163504881141512e-05 
 49.525247758376594  3.305283356180024e-05 
 49.548607833883906  3.451531911410728e-05 
  49.57196790939122  3.602285233679764e-05 
  49.59532798489854 3.7575720013436526e-05 
  49.61868806040585  3.917414557954549e-05 
 49.642048135913164  4.081828589437303e-05 
 49.665408211420484  4.250822805986981e-05 
   49.6887682869278  4.424398629950805e-05 
  49.71212836243511  4.602549890988783e-05 
  49.73548843794242 4.7852625298311904e-05 
  49.75884851344974  4.972514311973815e-05 
 49.782208588957054 5.1642745526659014e-05 
  49.80556866446437  5.360503854557466e-05 
  49.82892873997169  5.561153859375433e-05 
    49.852288815479 5.7661670149978684e-05 
  49.87564889098631  5.975476359288628e-05 
  49.89900896649363  6.189005322038776e-05 
 49.922369042000945  6.406667546342785e-05 
  49.94572911750826  6.628366730710221e-05 
  49.96908919301557  6.853996493178525e-05 
  49.99244926852289  7.083440258653706e-05 
   50.0158093440302  7.316571170656646e-05 
 50.039169419537515  7.553252028600674e-05 
 50.062529495044835   7.79333525166168e-05 
  50.08588957055215   8.03666287023705e-05 
  50.10924964605946  8.283066545914236e-05 
  50.13260972156678  8.532367620787524e-05 
  50.15596979707409  8.784377196875752e-05 
 50.179329872581405  9.038896246300361e-05 
  50.20268994808872  9.295715752782142e-05 
  50.22605002359604  9.554616884912715e-05 
  50.24941009910335  9.815371201545188e-05 
  50.27277017461066  0.0001007774088953576 
  50.29613025011798 0.00010341479033947177 
 50.319490325625296 0.00010606329920703925 
  50.34285040113261 0.00010872029371563684 
  50.36621047663992 0.00011138305111138696 
  50.38957055214724 0.00011404877165572604 
  50.41293062765455 0.00011671458292343631 
 50.436290703161866 0.00011937754440534127 
 50.459650778669186 0.00012203465240769737 
   50.4830108541765 0.00012468284523900475 
  50.50637092968381 0.00012731900867363378 
  50.52973100519113 0.00012993998168033723 
 50.553091080698444 0.00013254256240245293 
 50.576451156205756 0.00013512351437535306 
  50.59981123171307 0.00013767957296544715 
  50.62317130722039 0.00014020745201391596 
   50.6465313827277  0.0001427038506671949 
 50.669891458235014  0.0001451654603751929 
 50.693251533742334  0.0001475889720372017 
  50.71661160924965   0.000149971083274539 
  50.73997168475696  0.0001523085058081164 
  50.76333176026427 0.00015459797291832893 
  50.78669183577159 0.00015683624696399698 
 50.810051911278904 0.00015902012693647718 
  50.83341198678622 0.00016114645602457976 
  50.85677206229354  0.0001632121291655031 
  50.88013213780085 0.00016521410055671414 
  50.90349221330816 0.00016714939110351642 
  50.92685228881548 0.00016901509577694433 
 50.950212364322795 0.00017080839085666327 
  50.97357243983011 0.00017252654103369812 
  50.99693251533742 0.00017416690634804185 
  51.02029259084474 0.00017572694893658108 
  51.04365266635205 0.00017720423956723338 
 51.067012741859365 0.00017859646393578865 
 51.090372817366685 0.00017990142870262385 
    51.113732892874 0.00018111706724727416 
  51.13709296838131 0.00018224144511974172 
  51.16045304388863 0.00018327276516841946 
  51.18381311939594  0.0001842093723256093 
 51.207173194903255  0.0001850497580328074 
  51.23053327041057  0.0001857925642891896 
  51.25389334591789 0.00018643658730809547 
   51.2772534214252  0.0001869807807677292 
  51.30061349693251 0.00018742425864379188 
  51.32397357243983  0.0001877662976133087 
 51.347333647947146  0.0001880063390205249 
  51.37069372345446  0.0001881439903973919 
  51.39405379896177 0.00018817902653284804 
  51.41741387446909  0.0001881113900868191 
   51.4407739499764 0.00018794119174659455 
 51.464134025483716 0.00018766870992498172 
 51.487494100991036  0.0001872943900013923 
  51.51085417649835 0.00018681884310875325 
  51.53421425200566 0.00018624284447087063 
  51.55757432751298 0.00018556733129657539 
 51.580934403020294 0.00018479340023866062 
 51.604294478527606 0.00018392230442725092 
  51.62765455403492  0.0001829554500888377 
  51.65101462954224 0.00018189439276375136 
  51.67437470504955 0.00018074083313630827 
 51.697734780556864 0.00017949661249327172 
 51.721094856064184 0.00017816370782761207 
   51.7444549315715 0.00017674422660577505 
  51.76781500707881    0.00017524040121784 
  51.79117508258612  0.0001736545831310184 
  51.81453515809344 0.00017198923676790828 
 51.837895233600754 0.00017024693313179133 
  51.86125530910807 0.00016843034320202573 
  51.88461538461539 0.00016654223112324998 
   51.9079754601227 0.00016458544721265859 
  51.93133553563001 0.00016256292081004472 
  51.95469561113733  0.0001604776529956423 
 51.978055686644645  0.0001583327092010133 
  52.00141576215196 0.00015613121173830712 
  52.02477583765927  0.0001538763322732486 
  52.04813591316659 0.00015157128426705852 
   52.0714959886739 0.00014921931541230304 
 52.094856064181215 0.00014682370008732663 
 52.118216139688535 0.00014438773185350371 
  52.14157621519585 0.00014191471601900278 
  52.16493629070316 0.00013940796229212064 
  52.18829636621048 0.00013687077754656133 
  52.21165644171779  0.0001343064587201995 
 52.235016517225105  0.0001317182858680015 
  52.25837659273242 0.00012910951538883255 
  52.28173666823974  0.0001264833734448427 
  52.30509674374705  0.0001238430495910496 
  52.32845681925436 0.00012119169063158672 
  52.35181689476168 0.00011853239471791911 
 52.375176970268996 0.00011586820570307856 
  52.39853704577631 0.00011320210776471099 
  52.42189712128362 0.00011053702030845098 
  52.44525719679094  0.0001078757931618034 
  52.46861727229825 0.00010522120206740295 
 52.491977347805566 0.00010257594448316689 
 52.515337423312886  9.994263569554389e-05 
   52.5386974988202  9.732380525071233e-05 
  52.56205757432751  9.472189370726029e-05 
  52.58541764983483  9.213924971259941e-05 
 52.608777725342144  8.957812740406424e-05 
 52.632137800849456  8.704068413440517e-05 
  52.65549787635677  8.452897852018513e-05 
  52.67885795186409  8.204496881039308e-05 
   52.7022180273714  7.959051157147766e-05 
 52.725578102878714  7.716736068389998e-05 
 52.748938178386034  7.477716664430387e-05 
  52.77229825389335  7.242147616640481e-05 
  52.79565832940066  7.010173207278583e-05 
  52.81901840490797  6.781927346895388e-05 
  52.84237848041529  6.557533619019421e-05 
 52.865738555922604  6.337105351105929e-05 
  52.88909863142992  6.120745710664575e-05 
  52.91245870693724  5.908547825425328e-05 
  52.93581878244455  5.700594926347249e-05 
  52.95917885795186 5.4969605122303274e-05 
  52.98253893345918 5.2977085346532126e-05 
 53.005899008966495  5.102893601926832e-05 
  53.02925908447381  4.912561200728724e-05 
  53.05261915998112  4.726747934066678e-05 
  53.07597923548844  4.545481774205899e-05 
  53.09933931099575 4.3687823291905736e-05 
 53.122699386503065  4.196661121589116e-05 
 53.146059462010385  4.029121878101192e-05 
   53.1694195375177   3.86616082867461e-05 
  53.19277961302501 3.7077670137977564e-05 
  53.21613968853233  3.553922598656926e-05 
  53.23949976403964 3.4046031928733006e-05 
 53.262859839546955  3.259778174566061e-05 
  53.28621991505427  3.119411017524734e-05 
  53.30957999056159    2.9834596203116e-05 
   53.3329400660689 2.8518766361586485e-05 
  53.35630014157621 2.7246098025682284e-05 
  53.37966021708353 2.6016022695761424e-05 
 53.403020292590845 2.4827929256855842e-05 
  53.42638036809816 2.3681167205328304e-05 
  53.44974044360547  2.257504983401232e-05 
  53.47310051911279  2.150885736754018e-05 
   53.4964605946201 2.0481840040144246e-05 
 53.519820670127416 1.9493221108777342e-05 
 53.543180745634736 1.8542199794987717e-05 
  53.56654082114205 1.7627954149551712e-05 
  53.58990089664936 1.6749643834443172e-05 
  53.61326097215668 1.5906412817297548e-05 
  53.63662104766399 1.5097391974083198e-05 
 53.659981123171306 1.4321701596247711e-05 
  53.68334119867862 1.3578453799156421e-05 
  53.70670127418594 1.2866754829158488e-05 
  53.73006134969325 1.2185707267137676e-05 
 53.753421425200564 1.1534412126892607e-05 
 53.776781500707884 1.0911970847176858e-05 
 53.800141576215196 1.0317487176679675e-05 
  53.82350165172251   9.75006895166444e-06 
  53.84686172722982   9.20882976640101e-06 
  53.87022180273714    8.6928905369123e-06 
 53.893581878244454  8.201380958927771e-06 
  53.91694195375177  7.733440861275712e-06 
  53.94030202925909  7.288221456269976e-06 
   53.9636621047664  6.864886488938071e-06 
  53.98702218027371  6.462613287206924e-06 
  54.01038225578103  6.080593715412994e-06 
 54.033742331288344  5.718035033720496e-06 
  54.05710240679566  5.374160666230043e-06 
  54.08046248230297  5.048210880737634e-06 
  54.10382255781029  4.739443383251211e-06 
   54.1271826333176  4.447133830504785e-06 
 54.150542708824915  4.170576263815238e-06 
 54.173902784332235  3.909083467717292e-06 
  54.19726285983955  3.661987256877119e-06 
  54.22062293534686  3.428638694833477e-06 
  54.24398301085418  3.208408248148025e-06 
  54.26734308636149 3.0006858795574155e-06 
 54.290703161868805 2.8048810837176446e-06 
  54.31406323737612 2.6204228691150806e-06 
  54.33742331288344  2.446759689684962e-06 
  54.36078338839075 2.2833593296351517e-06 
  54.38414346389806 2.1297087449153873e-06 
  54.40750353940538 1.9853138647067865e-06 
 54.430863614912695 1.8496993562279474e-06 
  54.45422369042001 1.7224083560686053e-06 
  54.47758376592732 1.6030021711694744e-06 
  54.50094384143464 1.4910599524651045e-06 
  54.52430391694195 1.3861783441017896e-06 
 54.547663992449266 1.2879711110302985e-06 
 54.571024067956586  1.196068747659432e-06 
   54.5943841434639 1.1101180701368764e-06 
  54.61774421897121 1.0297817947031387e-06 
  54.64110429447853  9.547381044424266e-07 
  54.66446436998584  8.846802066299299e-07 
 54.687824445493156  8.193158827510696e-07 
  54.71118452100047  7.583670331451385e-07 
  54.73454459650779  7.015692181020003e-07 
   54.7579046720151  6.486711971195777e-07 
 54.781264747522414  5.994344679094664e-07 
 54.804624823029734  5.536328066211571e-07 
 54.827984898537046  5.110518106398683e-07 
  54.85134497404436 4.7148844520115324e-07 
  54.87470504955167  4.347505949571368e-07 
  54.89806512505899 4.0065662152364706e-07 
 54.921425200566304  3.690349279365136e-07 
  54.94478527607362 3.3972353084758296e-07 
  54.96814535158094  3.125696411981027e-07 
  54.99150542708825  2.874292540177155e-07 
  55.01486550259556  2.641667479126189e-07 
  55.03822557810288  2.426544947262662e-07 
 55.061585653610194 2.2277247977975542e-07 
  55.08494572911751 2.0440793302750915e-07 
  55.10830580462482 1.8745497139684725e-07 
  55.13166588013214 1.7181425251694545e-07 
  55.15502595563945  1.573926399843214e-07 
 55.178386031146765 1.4410288025747482e-07 
 55.201746106654085 1.3186329122325498e-07 
   55.2251061821614 1.2059746243117165e-07 
  55.24846625766871  1.102339669495661e-07 
  55.27182633317603 1.0070608475908645e-07 
  55.29518640868334  9.195153756388766e-08 
 55.318546484190655  8.391223486952917e-08 
  55.34190655969797  7.653403114851335e-08 
  55.36526663520529  6.976649388936274e-08 
   55.3886267107126  6.356268230328217e-08 
  55.41198678621991  5.787893644333101e-08 
  55.43534686172723  5.267467647473319e-08 
 55.458706937234545  4.791221182105441e-08 
  55.48206701274186  4.355655989954142e-08 
  55.50542708824917  3.957527414971029e-08 
  55.52878716375649  3.593828105204814e-08 
   55.5521472392638 3.2617725828463176e-08 
 55.575507314771116 2.9587826512583104e-08 
 55.598867390278436 2.6824736076154048e-08 
  55.62222746578575  2.430641229734894e-08 
  55.64558754129306  2.201249505774037e-08 
  55.66894761680038  1.992419075685839e-08 
  55.69230769230769  1.802416353647776e-08 
 55.715667767815006 1.6296433010998582e-08 
  55.73902784332232  1.472627820537936e-08 
  55.76238791882964 1.3300147407900608e-08 
  55.78574799433695 1.2005573651547664e-08 
 55.809108069844264 1.0831095544850105e-08 
 55.832468145351584  9.766183180571703e-09 
 55.855828220858896  8.801168858565203e-09 
  55.87918829636621  7.927182367368424e-09 
  55.90254837187352 7.1360905776340265e-09 
  55.92590844738084 6.4204411091695954e-09 
 55.949268522888154  5.773409842196624e-09 
  55.97262859839547  5.188752052328208e-09 
  55.99598867390279 4.6607569576957946e-09 
   56.0193487494101  4.184205475553593e-09 
  56.04270882491741   3.75433099453627e-09 
  56.06606890042473 3.3667829775024566e-09 
 56.089428975932044 3.0175932185192797e-09 
  56.11278905143936  2.703144586020168e-09 
  56.13614912694667 2.4201420924698975e-09 
  56.15950920245399  2.165586138970395e-09 
   56.1828692779613  1.936747791132493e-09 
 56.206229353468615   1.73114595019733e-09 
 56.229589428975935 1.5465262908144535e-09 
  56.25294950448325 1.3808418440528515e-09 
  56.27630957999056 1.2322351111365398e-09 
  56.29966965549788  1.099021600051273e-09 
  56.32302973100519  9.796746835568607e-10 
 56.346389806512505  8.728116832629822e-10 
  56.36974988201982  7.771810902856059e-10 
  56.39310995752714  6.916508385928886e-10 
  56.41647003303445  6.151975524828489e-10 
  56.43983010854176  5.468966947083015e-10 
  56.46319018404908  4.859135465868392e-10 
 56.486550259556395 4.3149495600611557e-10 
  56.50991033506371 3.8296179356700226e-10 
  56.53327041057102 3.3970206120454666e-10 
  56.55663048607834  3.011646014955278e-10 
  56.57999056158565  2.668533595110395e-10 
 56.603350637092966 2.3632215250900644e-10 
 56.626710712600286 2.0916990599455893e-10 
   56.6500707881076 1.8503631771216102e-10 
  56.67343086361491 1.6359791398204574e-10 
  56.69679093912223 1.4456446546256617e-10 
  56.72015101462954 1.2767573191737803e-10 
 56.743511090136856 1.1269850790082735e-10 
  56.76687116564417  9.942394345430217e-11 
  56.79023124115149  8.766511593826771e-11 
   56.8135913166588  7.725483101758575e-11 
 56.836951392166114  6.804363257854846e-11 
 56.860311467673434  5.989800299269137e-11 
 56.883671543180746  5.269873666154012e-11 
  56.90703161868806  4.633947118525478e-11 
  56.93039169419537  4.072536180321548e-11 
  56.95375176970269  3.577188596212657e-11 
 56.977111845210004  3.140376598363207e-11 
  57.00047192071732  2.755399883429281e-11 
  57.02383199622464    2.4162982951904e-11 
  57.04719207173195 2.1177732958604733e-11 
  57.07055214723926  1.855117389828147e-11 
  57.09391222274658 1.6241507378117077e-11 
 57.117272298253894 1.4211642676262947e-11 
  57.14063237376121 1.2428686503880057e-11 
  57.16399244926852 1.0863485684212498e-11 
  57.18735252477584  9.490217537684071e-12 
  57.21071260028315  8.286023243891649e-12 
 57.234072675790465  7.230679892097486e-12 
 57.257432751297785  6.306307334595087e-12 
   57.2807928268051 5.4971063250271795e-12 
  57.30415290231241  4.789124759162381e-12 
  57.32751297781973  4.170049141339652e-12 
  57.35087305332704  3.629018678140298e-12 
 57.374233128834355  3.156459654092921e-12 
  57.39759320434167  2.743937974417165e-12 
  57.42095327984899   2.38402796887083e-12 
   57.4443133553563 2.0701957404818017e-12 
  57.46767343086361 1.7966955149475433e-12 
  57.49103350637093 1.5584776023075424e-12 
 57.514393581878245 1.3511067235282112e-12 
  57.53775365738556 1.1706895821934357e-12 
  57.56111373289287 1.0138106767569697e-12 
  57.58447380840019  8.774754528797875e-13 
   57.6078338839075  7.590599892644092e-13 
 57.631193959414816  6.562664950291388e-13 
 57.654554034922135  5.670839728949327e-13 
  57.67791411042945  4.897534710599824e-13 
  57.70127418593676  4.227374083296551e-13 
  57.72463426144408  3.646925125032111e-13 
  57.74799433695139 3.1444596178753767e-13 
 57.771354412458706 2.7097436365800924e-13 
  57.79471448796602  2.333852456119565e-13 
  57.81807456347334 2.0090076811099964e-13 
  57.84143463898065 1.7284340209703914e-13 
 57.864794714487964 1.4862334216399675e-13 
  57.88815478999528 1.2772745211345635e-13 
 57.911514865502596 1.0970956252288605e-13 
  57.93487494100991  9.418196038930381e-14 
  57.95823501651722  8.080792913070846e-14 
  57.98159509202454  6.929521345961247e-14 
 58.004955167531854   5.93902980942169e-14 
  58.02831524303917  5.087340212826963e-14 
 58.051675318546486  4.355410230859367e-14 
   58.0750353940538 3.7267508620192797e-14 
  58.09839546956111 3.1870924589074003e-14 
  58.12175554506843  2.724093270466368e-14 
 58.145115620575744  2.327085244671558e-14 
  58.16847569608306  1.986852467480668e-14 
  58.19183577159037 1.6954381690370908e-14 
  58.21519584709769 1.4459767191009876e-14 
    58.238555922605 1.2325474675778859e-14 
 58.261915998112315 1.0500476691756775e-14 
 58.285276073619634  8.940820693440071e-15 
  58.30863614912695  7.608670268057864e-15 
  58.33199622463426 6.4714731072211464e-15 
  58.35535630014157 5.5012394187933816e-15 
  58.37871637564889  4.673916508524873e-15 
 58.402076451156205  3.968847050955098e-15 
  58.42543652666352 3.3683001418573133e-15 
  58.44879660217084 2.8570656054885665e-15 
  58.47215667767815  2.422103241613911e-15 
  58.49551675318546   2.05223975972374e-15 
  58.51887682869278 1.7379070787822346e-15 
 58.542236904200095 1.4709164859383294e-15 
  58.56559697970741 1.2442638608213432e-15 
  58.58895705521472 1.0519617956354282e-15 
  58.61231713072204  8.888949861310276e-16 
  58.63567720622935  7.506957442865095e-16 
 58.659037281736666  6.336368986506535e-16 
 58.682397357243985  5.345397102606055e-16 
   58.7057574327513  4.506947474445315e-16 
  58.72911750825861  3.797939374501125e-16 
  58.75247758376593 3.1987225181276484e-16 
  58.77583765927324  2.692576901775995e-16 
 58.799197734780556 2.2652840786159604e-16 
  58.82255781028787 1.9047598924780833e-16 
  58.84591788579519  1.600740051760913e-16 
   58.8692779613025  1.344511104979916e-16 
 58.892638036809814 1.1286804022577017e-16 
  58.91599811231713  9.469795126833106e-17 
 58.939358187824446  7.940963339237026e-17 
  58.96271826333176  6.655317933541609e-17 
  58.98607833883907  5.574776128935327e-17 
  59.00943841434639 4.6671210455991333e-17 
 59.032798489853704 3.9051139086696946e-17 
  59.05615856536102  3.265738125775607e-17 
 59.079518640868336  2.729556038832846e-17 
  59.10287871637565 2.2801618861648387e-17 
  59.12623879188296 1.9037168657294572e-17 
  59.14959886739028  1.588554215906102e-17 
 59.172958942897594 1.3248439717439804e-17 
  59.19631901840491 1.1043085506982902e-17 
  59.21967909391222  9.199816063944507e-18 
  59.24303916941954   7.66003691058284e-18 
  59.26639924492685  6.374492122272529e-18 
 59.289759320434165 5.3017997907347036e-18 
 59.313119395941484  4.407213270363499e-18 
   59.3364794714488  3.661574028061238e-18 
  59.35983954695611  3.040426991197178e-18 
  59.38319962246342 2.5232736248757562e-18 
  59.40655969797074 2.0929416734234965e-18 
 59.429919773478055  1.735053662215623e-18 
  59.45327984898537 1.4375789523446535e-18 
  59.47663992449269 1.1904564390670683e-18 
               59.5  9.852769428917228e-19 
